-1.000 216.8883
-0.999 216.8838
-0.998 216.8793
-0.997 216.8748
-0.996 216.8703
-0.995 216.8658
-0.994 216.8613
-0.993 216.8568
-0.992 216.8523
-0.991 216.8478
-0.990 216.8433
-0.989 216.8388
-0.988 216.8343
-0.987 216.8298
-0.986 216.8252
-0.985 216.8207
-0.984 216.8162
-0.983 216.8117
-0.982 216.8072
-0.981 216.8027
-0.980 216.7981
-0.979 216.7936
-0.978 216.7891
-0.977 216.7846
-0.976 216.7800
-0.975 216.7755
-0.974 216.7710
-0.973 216.7664
-0.972 216.7619
-0.971 216.7574
-0.970 216.7528
-0.969 216.7483
-0.968 216.7438
-0.967 216.7392
-0.966 216.7347
-0.965 216.7302
-0.964 216.7256
-0.963 216.7211
-0.962 216.7165
-0.961 216.7120
-0.960 216.7075
-0.959 216.7029
-0.958 216.6984
-0.957 216.6938
-0.956 216.6893
-0.955 216.6847
-0.954 216.6802
-0.953 216.6756
-0.952 216.6710
-0.951 216.6665
-0.950 216.6619
-0.949 216.6574
-0.948 216.6528
-0.947 216.6483
-0.946 216.6437
-0.945 216.6391
-0.944 216.6346
-0.943 216.6300
-0.942 216.6254
-0.941 216.6209
-0.940 216.6163
-0.939 216.6117
-0.938 216.6072
-0.937 216.6026
-0.936 216.5980
-0.935 216.5934
-0.934 216.5889
-0.933 216.5843
-0.932 216.5797
-0.931 216.5751
-0.930 216.5705
-0.929 216.5660
-0.928 216.5614
-0.927 216.5568
-0.926 216.5522
-0.925 216.5476
-0.924 216.5430
-0.923 216.5384
-0.922 216.5339
-0.921 216.5293
-0.920 216.5247
-0.919 216.5201
-0.918 216.5155
-0.917 216.5109
-0.916 216.5063
-0.915 216.5017
-0.914 216.4971
-0.913 216.4925
-0.912 216.4879
-0.911 216.4833
-0.910 216.4787
-0.909 216.4741
-0.908 216.4695
-0.907 216.4649
-0.906 216.4602
-0.905 216.4556
-0.904 216.4510
-0.903 216.4464
-0.902 216.4418
-0.901 216.4372
-0.900 216.4326
-0.899 216.4279
-0.898 216.4233
-0.897 216.4187
-0.896 216.4141
-0.895 216.4095
-0.894 216.4048
-0.893 216.4002
-0.892 216.3956
-0.891 216.3910
-0.890 216.3863
-0.889 216.3817
-0.888 216.3771
-0.887 216.3724
-0.886 216.3678
-0.885 216.3632
-0.884 216.3585
-0.883 216.3539
-0.882 216.3493
-0.881 216.3446
-0.880 216.3400
-0.879 216.3353
-0.878 216.3307
-0.877 216.3260
-0.876 216.3214
-0.875 216.3167
-0.874 216.3121
-0.873 216.3074
-0.872 216.3028
-0.871 216.2981
-0.870 216.2935
-0.869 216.2888
-0.868 216.2842
-0.867 216.2795
-0.866 216.2749
-0.865 216.2702
-0.864 216.2655
-0.863 216.2609
-0.862 216.2562
-0.861 216.2516
-0.860 216.2469
-0.859 216.2422
-0.858 216.2375
-0.857 216.2329
-0.856 216.2282
-0.855 216.2235
-0.854 216.2189
-0.853 216.2142
-0.852 216.2095
-0.851 216.2048
-0.850 216.2002
-0.849 216.1955
-0.848 216.1908
-0.847 216.1861
-0.846 216.1814
-0.845 216.1767
-0.844 216.1721
-0.843 216.1674
-0.842 216.1627
-0.841 216.1580
-0.840 216.1533
-0.839 216.1486
-0.838 216.1439
-0.837 216.1392
-0.836 216.1345
-0.835 216.1298
-0.834 216.1251
-0.833 216.1204
-0.832 216.1157
-0.831 216.1110
-0.830 216.1063
-0.829 216.1016
-0.828 216.0969
-0.827 216.0922
-0.826 216.0875
-0.825 216.0828
-0.824 216.0781
-0.823 216.0734
-0.822 216.0686
-0.821 216.0639
-0.820 216.0592
-0.819 216.0545
-0.818 216.0498
-0.817 216.0451
-0.816 216.0403
-0.815 216.0356
-0.814 216.0309
-0.813 216.0262
-0.812 216.0214
-0.811 216.0167
-0.810 216.0120
-0.809 216.0073
-0.808 216.0025
-0.807 215.9978
-0.806 215.9931
-0.805 215.9883
-0.804 215.9836
-0.803 215.9788
-0.802 215.9741
-0.801 215.9694
-0.800 215.9646
-0.799 215.9599
-0.798 215.9551
-0.797 215.9504
-0.796 215.9456
-0.795 215.9409
-0.794 215.9361
-0.793 215.9314
-0.792 215.9266
-0.791 215.9219
-0.790 215.9171
-0.789 215.9124
-0.788 215.9076
-0.787 215.9029
-0.786 215.8981
-0.785 215.8933
-0.784 215.8886
-0.783 215.8838
-0.782 215.8790
-0.781 215.8743
-0.780 215.8695
-0.779 215.8647
-0.778 215.8600
-0.777 215.8552
-0.776 215.8504
-0.775 215.8457
-0.774 215.8409
-0.773 215.8361
-0.772 215.8313
-0.771 215.8265
-0.770 215.8218
-0.769 215.8170
-0.768 215.8122
-0.767 215.8074
-0.766 215.8026
-0.765 215.7978
-0.764 215.7931
-0.763 215.7883
-0.762 215.7835
-0.761 215.7787
-0.760 215.7739
-0.759 215.7691
-0.758 215.7643
-0.757 215.7595
-0.756 215.7547
-0.755 215.7499
-0.754 215.7451
-0.753 215.7403
-0.752 215.7355
-0.751 215.7307
-0.750 215.7259
-0.749 215.7211
-0.748 215.7163
-0.747 215.7114
-0.746 215.7066
-0.745 215.7018
-0.744 215.6970
-0.743 215.6922
-0.742 215.6874
-0.741 215.6826
-0.740 215.6777
-0.739 215.6729
-0.738 215.6681
-0.737 215.6633
-0.736 215.6584
-0.735 215.6536
-0.734 215.6488
-0.733 215.6440
-0.732 215.6391
-0.731 215.6343
-0.730 215.6295
-0.729 215.6246
-0.728 215.6198
-0.727 215.6150
-0.726 215.6101
-0.725 215.6053
-0.724 215.6004
-0.723 215.5956
-0.722 215.5907
-0.721 215.5859
-0.720 215.5811
-0.719 215.5762
-0.718 215.5714
-0.717 215.5665
-0.716 215.5617
-0.715 215.5568
-0.714 215.5519
-0.713 215.5471
-0.712 215.5422
-0.711 215.5374
-0.710 215.5325
-0.709 215.5276
-0.708 215.5228
-0.707 215.5179
-0.706 215.5131
-0.705 215.5082
-0.704 215.5033
-0.703 215.4985
-0.702 215.4936
-0.701 215.4887
-0.700 215.4838
-0.699 215.4790
-0.698 215.4741
-0.697 215.4692
-0.696 215.4643
-0.695 215.4594
-0.694 215.4546
-0.693 215.4497
-0.692 215.4448
-0.691 215.4399
-0.690 215.4350
-0.689 215.4301
-0.688 215.4252
-0.687 215.4204
-0.686 215.4155
-0.685 215.4106
-0.684 215.4057
-0.683 215.4008
-0.682 215.3959
-0.681 215.3910
-0.680 215.3861
-0.679 215.3812
-0.678 215.3763
-0.677 215.3714
-0.676 215.3665
-0.675 215.3615
-0.674 215.3566
-0.673 215.3517
-0.672 215.3468
-0.671 215.3419
-0.670 215.3370
-0.669 215.3321
-0.668 215.3272
-0.667 215.3222
-0.666 215.3173
-0.665 215.3124
-0.664 215.3075
-0.663 215.3025
-0.662 215.2976
-0.661 215.2927
-0.660 215.2878
-0.659 215.2828
-0.658 215.2779
-0.657 215.2730
-0.656 215.2680
-0.655 215.2631
-0.654 215.2582
-0.653 215.2532
-0.652 215.2483
-0.651 215.2433
-0.650 215.2384
-0.649 215.2335
-0.648 215.2285
-0.647 215.2236
-0.646 215.2186
-0.645 215.2137
-0.644 215.2087
-0.643 215.2038
-0.642 215.1988
-0.641 215.1939
-0.640 215.1889
-0.639 215.1839
-0.638 215.1790
-0.637 215.1740
-0.636 215.1691
-0.635 215.1641
-0.634 215.1591
-0.633 215.1542
-0.632 215.1492
-0.631 215.1442
-0.630 215.1393
-0.629 215.1343
-0.628 215.1293
-0.627 215.1243
-0.626 215.1194
-0.625 215.1144
-0.624 215.1094
-0.623 215.1044
-0.622 215.0994
-0.621 215.0945
-0.620 215.0895
-0.619 215.0845
-0.618 215.0795
-0.617 215.0745
-0.616 215.0695
-0.615 215.0645
-0.614 215.0595
-0.613 215.0545
-0.612 215.0495
-0.611 215.0445
-0.610 215.0395
-0.609 215.0345
-0.608 215.0295
-0.607 215.0245
-0.606 215.0195
-0.605 215.0145
-0.604 215.0095
-0.603 215.0045
-0.602 214.9995
-0.601 214.9945
-0.600 214.9895
-0.599 214.9845
-0.598 214.9794
-0.597 214.9744
-0.596 214.9694
-0.595 214.9644
-0.594 214.9594
-0.593 214.9543
-0.592 214.9493
-0.591 214.9443
-0.590 214.9393
-0.589 214.9342
-0.588 214.9292
-0.587 214.9242
-0.586 214.9191
-0.585 214.9141
-0.584 214.9091
-0.583 214.9040
-0.582 214.8990
-0.581 214.8939
-0.580 214.8889
-0.579 214.8839
-0.578 214.8788
-0.577 214.8738
-0.576 214.8687
-0.575 214.8637
-0.574 214.8586
-0.573 214.8536
-0.572 214.8485
-0.571 214.8435
-0.570 214.8384
-0.569 214.8333
-0.568 214.8283
-0.567 214.8232
-0.566 214.8182
-0.565 214.8131
-0.564 214.8080
-0.563 214.8030
-0.562 214.7979
-0.561 214.7928
-0.560 214.7878
-0.559 214.7827
-0.558 214.7776
-0.557 214.7725
-0.556 214.7675
-0.555 214.7624
-0.554 214.7573
-0.553 214.7522
-0.552 214.7471
-0.551 214.7420
-0.550 214.7370
-0.549 214.7319
-0.548 214.7268
-0.547 214.7217
-0.546 214.7166
-0.545 214.7115
-0.544 214.7064
-0.543 214.7013
-0.542 214.6962
-0.541 214.6911
-0.540 214.6860
-0.539 214.6809
-0.538 214.6758
-0.537 214.6707
-0.536 214.6656
-0.535 214.6605
-0.534 214.6554
-0.533 214.6503
-0.532 214.6452
-0.531 214.6400
-0.530 214.6349
-0.529 214.6298
-0.528 214.6247
-0.527 214.6196
-0.526 214.6144
-0.525 214.6093
-0.524 214.6042
-0.523 214.5991
-0.522 214.5939
-0.521 214.5888
-0.520 214.5837
-0.519 214.5785
-0.518 214.5734
-0.517 214.5683
-0.516 214.5631
-0.515 214.5580
-0.514 214.5529
-0.513 214.5477
-0.512 214.5426
-0.511 214.5374
-0.510 214.5323
-0.509 214.5271
-0.508 214.5220
-0.507 214.5168
-0.506 214.5117
-0.505 214.5065
-0.504 214.5014
-0.503 214.4962
-0.502 214.4911
-0.501 214.4859
-0.500 214.4807
-0.499 214.4756
-0.498 214.4704
-0.497 214.4653
-0.496 214.4601
-0.495 214.4549
-0.494 214.4497
-0.493 214.4446
-0.492 214.4394
-0.491 214.4342
-0.490 214.4290
-0.489 214.4239
-0.488 214.4187
-0.487 214.4135
-0.486 214.4083
-0.485 214.4031
-0.484 214.3980
-0.483 214.3928
-0.482 214.3876
-0.481 214.3824
-0.480 214.3772
-0.479 214.3720
-0.478 214.3668
-0.477 214.3616
-0.476 214.3564
-0.475 214.3512
-0.474 214.3460
-0.473 214.3408
-0.472 214.3356
-0.471 214.3304
-0.470 214.3252
-0.469 214.3200
-0.468 214.3148
-0.467 214.3096
-0.466 214.3044
-0.465 214.2991
-0.464 214.2939
-0.463 214.2887
-0.462 214.2835
-0.461 214.2783
-0.460 214.2730
-0.459 214.2678
-0.458 214.2626
-0.457 214.2574
-0.456 214.2521
-0.455 214.2469
-0.454 214.2417
-0.453 214.2364
-0.452 214.2312
-0.451 214.2260
-0.450 214.2207
-0.449 214.2155
-0.448 214.2102
-0.447 214.2050
-0.446 214.1998
-0.445 214.1945
-0.444 214.1893
-0.443 214.1840
-0.442 214.1788
-0.441 214.1735
-0.440 214.1683
-0.439 214.1630
-0.438 214.1577
-0.437 214.1525
-0.436 214.1472
-0.435 214.1420
-0.434 214.1367
-0.433 214.1314
-0.432 214.1262
-0.431 214.1209
-0.430 214.1156
-0.429 214.1104
-0.428 214.1051
-0.427 214.0998
-0.426 214.0945
-0.425 214.0892
-0.424 214.0840
-0.423 214.0787
-0.422 214.0734
-0.421 214.0681
-0.420 214.0628
-0.419 214.0575
-0.418 214.0523
-0.417 214.0470
-0.416 214.0417
-0.415 214.0364
-0.414 214.0311
-0.413 214.0258
-0.412 214.0205
-0.411 214.0152
-0.410 214.0099
-0.409 214.0046
-0.408 213.9993
-0.407 213.9940
-0.406 213.9887
-0.405 213.9834
-0.404 213.9780
-0.403 213.9727
-0.402 213.9674
-0.401 213.9621
-0.400 213.9568
-0.399 213.9515
-0.398 213.9461
-0.397 213.9408
-0.396 213.9355
-0.395 213.9302
-0.394 213.9248
-0.393 213.9195
-0.392 213.9142
-0.391 213.9088
-0.390 213.9035
-0.389 213.8982
-0.388 213.8928
-0.387 213.8875
-0.386 213.8822
-0.385 213.8768
-0.384 213.8715
-0.383 213.8661
-0.382 213.8608
-0.381 213.8554
-0.380 213.8501
-0.379 213.8447
-0.378 213.8394
-0.377 213.8340
-0.376 213.8287
-0.375 213.8233
-0.374 213.8179
-0.373 213.8126
-0.372 213.8072
-0.371 213.8018
-0.370 213.7965
-0.369 213.7911
-0.368 213.7857
-0.367 213.7804
-0.366 213.7750
-0.365 213.7696
-0.364 213.7642
-0.363 213.7589
-0.362 213.7535
-0.361 213.7481
-0.360 213.7427
-0.359 213.7373
-0.358 213.7319
-0.357 213.7266
-0.356 213.7212
-0.355 213.7158
-0.354 213.7104
-0.353 213.7050
-0.352 213.6996
-0.351 213.6920
-0.350 213.6866
-0.349 213.6812
-0.348 213.6758
-0.347 213.6703
-0.346 213.6649
-0.345 213.6595
-0.344 213.6541
-0.343 213.6487
-0.342 213.6433
-0.341 213.6378
-0.340 213.6324
-0.339 213.6270
-0.338 213.6216
-0.337 213.6161
-0.336 213.6107
-0.335 213.6053
-0.334 213.5999
-0.333 213.5944
-0.332 213.5890
-0.331 213.5836
-0.330 213.5781
-0.329 213.5727
-0.328 213.5672
-0.327 213.5618
-0.326 213.5563
-0.325 213.5509
-0.324 213.5454
-0.323 213.5400
-0.322 213.5345
-0.321 213.5291
-0.320 213.5236
-0.319 213.5182
-0.318 213.5127
-0.317 213.5073
-0.316 213.5018
-0.315 213.4963
-0.314 213.4909
-0.313 213.4854
-0.312 213.4799
-0.311 213.4745
-0.310 213.4690
-0.309 213.4635
-0.308 213.4580
-0.307 213.4525
-0.306 213.4471
-0.305 213.4416
-0.304 213.4361
-0.303 213.4306
-0.302 213.4251
-0.301 213.4196
-0.300 213.4142
-0.299 213.4087
-0.298 213.4032
-0.297 213.3977
-0.296 213.3922
-0.295 213.3867
-0.294 213.3812
-0.293 213.3757
-0.292 213.3702
-0.291 213.3647
-0.290 213.3592
-0.289 213.3536
-0.288 213.3481
-0.287 213.3426
-0.286 213.3371
-0.285 213.3316
-0.284 213.3261
-0.283 213.3206
-0.282 213.3150
-0.281 213.3095
-0.280 213.3040
-0.279 213.2985
-0.278 213.2929
-0.277 213.2874
-0.276 213.2819
-0.275 213.2763
-0.274 213.2708
-0.273 213.2653
-0.272 213.2597
-0.271 213.2542
-0.270 213.2486
-0.269 213.2431
-0.268 213.2375
-0.267 213.2320
-0.266 213.2264
-0.265 213.2209
-0.264 213.2153
-0.263 213.2098
-0.262 213.2042
-0.261 213.1987
-0.260 213.1931
-0.259 213.1875
-0.258 213.1820
-0.257 213.1764
-0.256 213.1708
-0.255 213.1653
-0.254 213.1597
-0.253 213.1541
-0.252 213.1486
-0.251 213.1430
-0.250 213.1374
-0.249 213.1318
-0.248 213.1262
-0.247 213.1207
-0.246 213.1151
-0.245 213.1095
-0.244 213.1039
-0.243 213.0983
-0.242 213.0927
-0.241 213.0871
-0.240 213.0815
-0.239 213.0759
-0.238 213.0703
-0.237 213.0647
-0.236 213.0591
-0.235 213.0535
-0.234 213.0479
-0.233 213.0423
-0.232 213.0367
-0.231 213.0311
-0.230 213.0255
-0.229 213.0198
-0.228 213.0142
-0.227 213.0086
-0.226 213.0030
-0.225 212.9974
-0.224 212.9917
-0.223 212.9861
-0.222 212.9805
-0.221 212.9748
-0.220 212.9692
-0.219 212.9636
-0.218 212.9579
-0.217 212.9523
-0.216 212.9467
-0.215 212.9410
-0.214 212.9354
-0.213 212.9297
-0.212 212.9241
-0.211 212.9184
-0.210 212.9128
-0.209 212.9071
-0.208 212.9015
-0.207 212.8958
-0.206 212.8902
-0.205 212.8845
-0.204 212.8788
-0.203 212.8732
-0.202 212.8675
-0.201 212.8618
-0.200 212.8562
-0.199 212.8505
-0.198 212.8448
-0.197 212.8392
-0.196 212.8335
-0.195 212.8278
-0.194 212.8221
-0.193 212.8164
-0.192 212.8108
-0.191 212.8051
-0.190 212.7994
-0.189 212.7937
-0.188 212.7880
-0.187 212.7823
-0.186 212.7766
-0.185 212.7709
-0.184 212.7652
-0.183 212.7595
-0.182 212.7538
-0.181 212.7481
-0.180 212.7424
-0.179 212.7367
-0.178 212.7310
-0.177 212.7253
-0.176 212.7195
-0.175 212.7138
-0.174 212.7081
-0.173 212.7024
-0.172 212.6967
-0.171 212.6910
-0.170 212.6852
-0.169 212.6795
-0.168 212.6738
-0.167 212.6680
-0.166 212.6623
-0.165 212.6566
-0.164 212.6508
-0.163 212.6451
-0.162 212.6394
-0.161 212.6336
-0.160 212.6279
-0.159 212.6221
-0.158 212.6164
-0.157 212.6106
-0.156 212.6049
-0.155 212.5991
-0.154 212.5934
-0.153 212.5876
-0.152 212.5818
-0.151 212.5761
-0.150 212.5703
-0.149 212.5646
-0.148 212.5588
-0.147 212.5530
-0.146 212.5472
-0.145 212.5415
-0.144 212.5357
-0.143 212.5299
-0.142 212.5241
-0.141 212.5184
-0.140 212.5126
-0.139 212.5068
-0.138 212.5010
-0.137 212.4952
-0.136 212.4894
-0.135 212.4836
-0.134 212.4778
-0.133 212.4720
-0.132 212.4662
-0.131 212.4604
-0.130 212.4546
-0.129 212.4488
-0.128 212.4430
-0.127 212.4372
-0.126 212.4314
-0.125 212.4256
-0.124 212.4198
-0.123 212.4140
-0.122 212.4082
-0.121 212.4023
-0.120 212.3965
-0.119 212.3907
-0.118 212.3849
-0.117 212.3790
-0.116 212.3732
-0.115 212.3674
-0.114 212.3615
-0.113 212.3557
-0.112 212.3499
-0.111 212.3440
-0.110 212.3382
-0.109 212.3323
-0.108 212.3265
-0.107 212.3207
-0.106 212.3148
-0.105 212.3090
-0.104 212.3031
-0.103 212.2972
-0.102 212.2914
-0.101 212.2855
-0.100 212.2797
-0.099 212.2738
-0.098 212.2679
-0.097 212.2621
-0.096 212.2562
-0.095 212.2503
-0.094 212.2445
-0.093 212.2386
-0.092 212.2327
-0.091 212.2268
-0.090 212.2210
-0.089 212.2151
-0.088 212.2092
-0.087 212.2033
-0.086 212.1974
-0.085 212.1915
-0.084 212.1856
-0.083 212.1797
-0.082 212.1738
-0.081 212.1679
-0.080 212.1620
-0.079 212.1561
-0.078 212.1502
-0.077 212.1443
-0.076 212.1384
-0.075 212.1325
-0.074 212.1266
-0.073 212.1207
-0.072 212.1148
-0.071 212.1088
-0.070 212.1029
-0.069 212.0970
-0.068 212.0911
-0.067 212.0851
-0.066 212.0792
-0.065 212.0733
-0.064 212.0674
-0.063 212.0614
-0.062 212.0555
-0.061 212.0495
-0.060 212.0436
-0.059 212.0377
-0.058 212.0317
-0.057 212.0258
-0.056 212.0198
-0.055 212.0139
-0.054 212.0079
-0.053 212.0020
-0.052 211.9960
-0.051 211.9900
-0.050 211.9841
-0.049 211.9781
-0.048 211.9721
-0.047 211.9662
-0.046 211.9602
-0.045 211.9542
-0.044 211.9483
-0.043 211.9423
-0.042 211.9363
-0.041 211.9303
-0.040 211.9243
-0.039 211.9184
-0.038 211.9124
-0.037 211.9064
-0.036 211.9004
-0.035 211.8944
-0.034 211.8884
-0.033 211.8824
-0.032 211.8764
-0.031 211.8704
-0.030 211.8644
-0.029 211.8584
-0.028 211.8524
-0.027 211.8464
-0.026 211.8404
-0.025 211.8344
-0.024 211.8284
-0.023 211.8223
-0.022 211.8163
-0.021 211.8103
-0.020 211.8043
-0.019 211.7982
-0.018 211.7922
-0.017 211.7862
-0.016 211.7802
-0.015 211.7741
-0.014 211.7681
-0.013 211.7620
-0.012 211.7560
-0.011 211.7500
-0.010 211.7439
-0.009 211.7379
-0.008 211.7318
-0.007 211.7258
-0.006 211.7197
-0.005 211.7137
-0.004 211.7076
-0.003 211.7015
-0.002 211.6955
-0.001 211.6894
0.000 211.6834
0.001 211.6773
0.002 211.6712
0.003 211.6651
0.004 211.6591
0.005 211.6530
0.006 211.6469
0.007 211.6408
0.008 211.6347
0.009 211.6287
0.010 211.6226
0.011 211.6165
0.012 211.6104
0.013 211.6043
0.014 211.5982
0.015 211.5921
0.016 211.5860
0.017 211.5799
0.018 211.5738
0.019 211.5677
0.020 211.5616
0.021 211.5555
0.022 211.5494
0.023 211.5432
0.024 211.5371
0.025 211.5310
0.026 211.5249
0.027 211.5188
0.028 211.5126
0.029 211.5065
0.030 211.5004
0.031 211.4942
0.032 211.4881
0.033 211.4820
0.034 211.4758
0.035 211.4697
0.036 211.4635
0.037 211.4574
0.038 211.4513
0.039 211.4451
0.040 211.4390
0.041 211.4328
0.042 211.4266
0.043 211.4205
0.044 211.4143
0.045 211.4082
0.046 211.4020
0.047 211.3958
0.048 211.3897
0.049 211.3835
0.050 211.3773
0.051 211.3711
0.052 211.3650
0.053 211.3588
0.054 211.3526
0.055 211.3464
0.056 211.3402
0.057 211.3340
0.058 211.3278
0.059 211.3216
0.060 211.3154
0.061 211.3092
0.062 211.3030
0.063 211.2968
0.064 211.2906
0.065 211.2844
0.066 211.2782
0.067 211.2720
0.068 211.2658
0.069 211.2596
0.070 211.2534
0.071 211.2471
0.072 211.2409
0.073 211.2347
0.074 211.2285
0.075 211.2222
0.076 211.2160
0.077 211.2098
0.078 211.2035
0.079 211.1973
0.080 211.1911
0.081 211.1848
0.082 211.1786
0.083 211.1723
0.084 211.1661
0.085 211.1598
0.086 211.1536
0.087 211.1473
0.088 211.1410
0.089 211.1348
0.090 211.1285
0.091 211.1223
0.092 211.1160
0.093 211.1097
0.094 211.1034
0.095 211.0972
0.096 211.0909
0.097 211.0846
0.098 211.0783
0.099 211.0720
0.100 211.0658
0.101 211.0595
0.102 211.0532
0.103 211.0469
0.104 211.0406
0.105 211.0343
0.106 211.0280
0.107 211.0217
0.108 211.0154
0.109 211.0091
0.110 211.0028
0.111 210.9965
0.112 210.9901
0.113 210.9838
0.114 210.9775
0.115 210.9712
0.116 210.9649
0.117 210.9585
0.118 210.9522
0.119 210.9459
0.120 210.9396
0.121 210.9332
0.122 210.9269
0.123 210.9205
0.124 210.9142
0.125 210.9079
0.126 210.9015
0.127 210.8952
0.128 210.8888
0.129 210.8825
0.130 210.8761
0.131 210.8697
0.132 210.8634
0.133 210.8570
0.134 210.8507
0.135 210.8443
0.136 210.8379
0.137 210.8315
0.138 210.8252
0.139 210.8188
0.140 210.8124
0.141 210.8060
0.142 210.7997
0.143 210.7933
0.144 210.7869
0.145 210.7805
0.146 210.7741
0.147 210.7677
0.148 210.7613
0.149 210.7549
0.150 210.7485
0.151 210.7421
0.152 210.7357
0.153 210.7293
0.154 210.7229
0.155 210.7164
0.156 210.7100
0.157 210.7036
0.158 210.6972
0.159 210.6908
0.160 210.6843
0.161 210.6779
0.162 210.6715
0.163 210.6650
0.164 210.6586
0.165 210.6522
0.166 210.6457
0.167 210.6393
0.168 210.6328
0.169 210.6264
0.170 210.6199
0.171 210.6135
0.172 210.6070
0.173 210.6006
0.174 210.5941
0.175 210.5876
0.176 210.5812
0.177 210.5747
0.178 210.5682
0.179 210.5618
0.180 210.5553
0.181 210.5488
0.182 210.5423
0.183 210.5359
0.184 210.5294
0.185 210.5229
0.186 210.5164
0.187 210.5099
0.188 210.5034
0.189 210.4969
0.190 210.4904
0.191 210.4839
0.192 210.4774
0.193 210.4709
0.194 210.4644
0.195 210.4579
0.196 210.4514
0.197 210.4449
0.198 210.4383
0.199 210.4318
0.200 210.4253
0.201 210.4188
0.202 210.4122
0.203 210.4057
0.204 210.3992
0.205 210.3926
0.206 210.3861
0.207 210.3796
0.208 210.3730
0.209 210.3665
0.210 210.3599
0.211 210.3534
0.212 210.3468
0.213 210.3403
0.214 210.3337
0.215 210.3271
0.216 210.3206
0.217 210.3140
0.218 210.3074
0.219 210.3009
0.220 210.2943
0.221 210.2877
0.222 210.2811
0.223 210.2746
0.224 210.2680
0.225 210.2614
0.226 210.2548
0.227 210.2482
0.228 210.2416
0.229 210.2350
0.230 210.2284
0.231 210.2218
0.232 210.2152
0.233 210.2086
0.234 210.2020
0.235 210.1954
0.236 210.1888
0.237 210.1822
0.238 210.1755
0.239 210.1689
0.240 210.1623
0.241 210.1557
0.242 210.1490
0.243 210.1424
0.244 210.1358
0.245 210.1291
0.246 210.1225
0.247 210.1159
0.248 210.1092
0.249 210.1026
0.250 210.0959
0.251 210.0893
0.252 210.0826
0.253 210.0760
0.254 210.0693
0.255 210.0626
0.256 210.0560
0.257 210.0493
0.258 210.0426
0.259 210.0360
0.260 210.0293
0.261 210.0226
0.262 210.0159
0.263 210.0092
0.264 210.0026
0.265 209.9959
0.266 209.9892
0.267 209.9825
0.268 209.9758
0.269 209.9691
0.270 209.9624
0.271 209.9557
0.272 209.9490
0.273 209.9423
0.274 209.9356
0.275 209.9288
0.276 209.9221
0.277 209.9154
0.278 209.9087
0.279 209.9020
0.280 209.8952
0.281 209.8885
0.282 209.8818
0.283 209.8750
0.284 209.8683
0.285 209.8616
0.286 209.8548
0.287 209.8481
0.288 209.8413
0.289 209.8346
0.290 209.8278
0.291 209.8211
0.292 209.8143
0.293 209.8075
0.294 209.8008
0.295 209.7940
0.296 209.7872
0.297 209.7805
0.298 209.7737
0.299 209.7669
0.300 209.7601
0.301 209.7534
0.302 209.7466
0.303 209.7398
0.304 209.7330
0.305 209.7262
0.306 209.7194
0.307 209.7126
0.308 209.7058
0.309 209.6990
0.310 209.6922
0.311 209.6854
0.312 209.6786
0.313 209.6717
0.314 209.6649
0.315 209.6581
0.316 209.6513
0.317 209.6445
0.318 209.6376
0.319 209.6308
0.320 209.6240
0.321 209.6171
0.322 209.6103
0.323 209.6034
0.324 209.5966
0.325 209.5898
0.326 209.5829
0.327 209.5761
0.328 209.5692
0.329 209.5623
0.330 209.5555
0.331 209.5486
0.332 209.5417
0.333 209.5349
0.334 209.5280
0.335 209.5211
0.336 209.5143
0.337 209.5074
0.338 209.5005
0.339 209.4936
0.340 209.4867
0.341 209.4798
0.342 209.4729
0.343 209.4660
0.344 209.4591
0.345 209.4522
0.346 209.4453
0.347 209.4384
0.348 209.4315
0.349 209.4246
0.350 209.4177
0.351 209.4108
0.352 209.4038
0.353 209.3969
0.354 209.3900
0.355 209.3830
0.356 209.3761
0.357 209.3692
0.358 209.3622
0.359 209.3553
0.360 209.3484
0.361 209.3414
0.362 209.3345
0.363 209.3275
0.364 209.3205
0.365 209.3136
0.366 209.3066
0.367 209.2997
0.368 209.2927
0.369 209.2857
0.370 209.2788
0.371 209.2718
0.372 209.2648
0.373 209.2578
0.374 209.2508
0.375 209.2439
0.376 209.2369
0.377 209.2299
0.378 209.2229
0.379 209.2159
0.380 209.2089
0.381 209.2019
0.382 209.1949
0.383 209.1879
0.384 209.1808
0.385 209.1738
0.386 209.1668
0.387 209.1598
0.388 209.1528
0.389 209.1457
0.390 209.1387
0.391 209.1317
0.392 209.1246
0.393 209.1176
0.394 209.1106
0.395 209.1035
0.396 209.0965
0.397 209.0894
0.398 209.0824
0.399 209.0753
0.400 209.0683
0.401 209.0612
0.402 209.0541
0.403 209.0471
0.404 209.0400
0.405 209.0329
0.406 209.0258
0.407 209.0188
0.408 209.0117
0.409 209.0046
0.410 208.9975
0.411 208.9904
0.412 208.9833
0.413 208.9762
0.414 208.9691
0.415 208.9620
0.416 208.9549
0.417 208.9478
0.418 208.9407
0.419 208.9336
0.420 208.9265
0.421 208.9194
0.422 208.9122
0.423 208.9051
0.424 208.8980
0.425 208.8908
0.426 208.8837
0.427 208.8766
0.428 208.8694
0.429 208.8623
0.430 208.8551
0.431 208.8480
0.432 208.8408
0.433 208.8337
0.434 208.8265
0.435 208.8194
0.436 208.8122
0.437 208.8050
0.438 208.7979
0.439 208.7907
0.440 208.7835
0.441 208.7763
0.442 208.7692
0.443 208.7620
0.444 208.7548
0.445 208.7476
0.446 208.7404
0.447 208.7332
0.448 208.7260
0.449 208.7188
0.450 208.7116
0.451 208.7044
0.452 208.6972
0.453 208.6899
0.454 208.6827
0.455 208.6755
0.456 208.6683
0.457 208.6611
0.458 208.6538
0.459 208.6466
0.460 208.6394
0.461 208.6321
0.462 208.6249
0.463 208.6176
0.464 208.6104
0.465 208.6031
0.466 208.5959
0.467 208.5886
0.468 208.5814
0.469 208.5741
0.470 208.5668
0.471 208.5595
0.472 208.5523
0.473 208.5450
0.474 208.5377
0.475 208.5304
0.476 208.5231
0.477 208.5159
0.478 208.5086
0.479 208.5013
0.480 208.4940
0.481 208.4867
0.482 208.4794
0.483 208.4721
0.484 208.4647
0.485 208.4574
0.486 208.4501
0.487 208.4428
0.488 208.4355
0.489 208.4281
0.490 208.4208
0.491 208.4135
0.492 208.4061
0.493 208.3988
0.494 208.3915
0.495 208.3841
0.496 208.3768
0.497 208.3694
0.498 208.3621
0.499 208.3547
0.500 208.3473
0.501 208.3400
0.502 208.3326
0.503 208.3252
0.504 208.3179
0.505 208.3105
0.506 208.3031
0.507 208.2957
0.508 208.2883
0.509 208.2810
0.510 208.2736
0.511 208.2662
0.512 208.2588
0.513 208.2514
0.514 208.2440
0.515 208.2366
0.516 208.2291
0.517 208.2217
0.518 208.2143
0.519 208.2069
0.520 208.1995
0.521 208.1920
0.522 208.1846
0.523 208.1772
0.524 208.1697
0.525 208.1623
0.526 208.1548
0.527 208.1474
0.528 208.1399
0.529 208.1325
0.530 208.1250
0.531 208.1176
0.532 208.1101
0.533 208.1026
0.534 208.0952
0.535 208.0877
0.536 208.0802
0.537 208.0727
0.538 208.0653
0.539 208.0578
0.540 208.0503
0.541 208.0428
0.542 208.0353
0.543 208.0278
0.544 208.0203
0.545 208.0128
0.546 208.0053
0.547 207.9978
0.548 207.9902
0.549 207.9827
0.550 207.9752
0.551 207.9677
0.552 207.9602
0.553 207.9526
0.554 207.9451
0.555 207.9375
0.556 207.9300
0.557 207.9225
0.558 207.9149
0.559 207.9074
0.560 207.8998
0.561 207.8922
0.562 207.8847
0.563 207.8771
0.564 207.8695
0.565 207.8620
0.566 207.8544
0.567 207.8468
0.568 207.8392
0.569 207.8316
0.570 207.8241
0.571 207.8165
0.572 207.8089
0.573 207.8013
0.574 207.7937
0.575 207.7861
0.576 207.7784
0.577 207.7708
0.578 207.7632
0.579 207.7556
0.580 207.7480
0.581 207.7403
0.582 207.7327
0.583 207.7251
0.584 207.7174
0.585 207.7098
0.586 207.7022
0.587 207.6945
0.588 207.6869
0.589 207.6792
0.590 207.6716
0.591 207.6639
0.592 207.6562
0.593 207.6486
0.594 207.6409
0.595 207.6332
0.596 207.6255
0.597 207.6179
0.598 207.6102
0.599 207.6025
0.600 207.5948
0.601 207.5871
0.602 207.5794
0.603 207.5717
0.604 207.5640
0.605 207.5563
0.606 207.5486
0.607 207.5409
0.608 207.5331
0.609 207.5254
0.610 207.5177
0.611 207.5100
0.612 207.5022
0.613 207.4945
0.614 207.4867
0.615 207.4790
0.616 207.4713
0.617 207.4635
0.618 207.4557
0.619 207.4480
0.620 207.4402
0.621 207.4325
0.622 207.4247
0.623 207.4169
0.624 207.4091
0.625 207.4014
0.626 207.3936
0.627 207.3858
0.628 207.3780
0.629 207.3702
0.630 207.3624
0.631 207.3546
0.632 207.3468
0.633 207.3390
0.634 207.3312
0.635 207.3234
0.636 207.3156
0.637 207.3077
0.638 207.2999
0.639 207.2921
0.640 207.2843
0.641 207.2764
0.642 207.2686
0.643 207.2607
0.644 207.2529
0.645 207.2450
0.646 207.2372
0.647 207.2293
0.648 207.2215
0.649 207.2136
0.650 207.2057
0.651 207.1979
0.652 207.1900
0.653 207.1821
0.654 207.1742
0.655 207.1663
0.656 207.1584
0.657 207.1505
0.658 207.1426
0.659 207.1347
0.660 207.1268
0.661 207.1189
0.662 207.1110
0.663 207.1031
0.664 207.0952
0.665 207.0873
0.666 207.0793
0.667 207.0714
0.668 207.0635
0.669 207.0555
0.670 207.0476
0.671 207.0396
0.672 207.0317
0.673 207.0237
0.674 207.0158
0.675 207.0078
0.676 206.9998
0.677 206.9919
0.678 206.9839
0.679 206.9759
0.680 206.9680
0.681 206.9600
0.682 206.9520
0.683 206.9440
0.684 206.9360
0.685 206.9280
0.686 206.9200
0.687 206.9120
0.688 206.9040
0.689 206.8960
0.690 206.8880
0.691 206.8799
0.692 206.8719
0.693 206.8639
0.694 206.8559
0.695 206.8478
0.696 206.8398
0.697 206.8317
0.698 206.8237
0.699 206.8156
0.700 206.8076
0.701 206.7995
0.702 206.7915
0.703 206.7834
0.704 206.7753
0.705 206.7673
0.706 206.7592
0.707 206.7511
0.708 206.7430
0.709 206.7349
0.710 206.7268
0.711 206.7187
0.712 206.7106
0.713 206.7025
0.714 206.6944
0.715 206.6863
0.716 206.6782
0.717 206.6701
0.718 206.6619
0.719 206.6538
0.720 206.6457
0.721 206.6375
0.722 206.6294
0.723 206.6213
0.724 206.6131
0.725 206.6050
0.726 206.5968
0.727 206.5887
0.728 206.5805
0.729 206.5723
0.730 206.5642
0.731 206.5560
0.732 206.5478
0.733 206.5396
0.734 206.5314
0.735 206.5232
0.736 206.5150
0.737 206.5069
0.738 206.4986
0.739 206.4904
0.740 206.4822
0.741 206.4740
0.742 206.4658
0.743 206.4576
0.744 206.4494
0.745 206.4411
0.746 206.4329
0.747 206.4247
0.748 206.4164
0.749 206.4082
0.750 206.3999
0.751 206.3917
0.752 206.3834
0.753 206.3751
0.754 206.3669
0.755 206.3586
0.756 206.3503
0.757 206.3421
0.758 206.3338
0.759 206.3255
0.760 206.3172
0.761 206.3089
0.762 206.3006
0.763 206.2923
0.764 206.2840
0.765 206.2757
0.766 206.2674
0.767 206.2591
0.768 206.2507
0.769 206.2424
0.770 206.2341
0.771 206.2257
0.772 206.2174
0.773 206.2091
0.774 206.2007
0.775 206.1924
0.776 206.1840
0.777 206.1742
0.778 206.1658
0.779 206.1574
0.780 206.1491
0.781 206.1407
0.782 206.1323
0.783 206.1239
0.784 206.1155
0.785 206.1071
0.786 206.0987
0.787 206.0903
0.788 206.0819
0.789 206.0735
0.790 206.0651
0.791 206.0567
0.792 206.0482
0.793 206.0398
0.794 206.0314
0.795 206.0229
0.796 206.0145
0.797 206.0061
0.798 205.9976
0.799 205.9892
0.800 205.9807
0.801 205.9722
0.802 205.9638
0.803 205.9553
0.804 205.9468
0.805 205.9383
0.806 205.9299
0.807 205.9214
0.808 205.9129
0.809 205.9044
0.810 205.8959
0.811 205.8874
0.812 205.8789
0.813 205.8704
0.814 205.8618
0.815 205.8533
0.816 205.8448
0.817 205.8363
0.818 205.8277
0.819 205.8192
0.820 205.8106
0.821 205.8021
0.822 205.7935
0.823 205.7850
0.824 205.7764
0.825 205.7679
0.826 205.7593
0.827 205.7507
0.828 205.7421
0.829 205.7336
0.830 205.7250
0.831 205.7164
0.832 205.7078
0.833 205.6992
0.834 205.6906
0.835 205.6820
0.836 205.6734
0.837 205.6647
0.838 205.6561
0.839 205.6475
0.840 205.6389
0.841 205.6302
0.842 205.6216
0.843 205.6129
0.844 205.6043
0.845 205.5956
0.846 205.5870
0.847 205.5783
0.848 205.5697
0.849 205.5610
0.850 205.5523
0.851 205.5436
0.852 205.5350
0.853 205.5263
0.854 205.5176
0.855 205.5089
0.856 205.5002
0.857 205.4915
0.858 205.4828
0.859 205.4740
0.860 205.4653
0.861 205.4566
0.862 205.4479
0.863 205.4391
0.864 205.4304
0.865 205.4217
0.866 205.4129
0.867 205.4042
0.868 205.3954
0.869 205.3867
0.870 205.3779
0.871 205.3691
0.872 205.3603
0.873 205.3516
0.874 205.3428
0.875 205.3340
0.876 205.3252
0.877 205.3164
0.878 205.3076
0.879 205.2988
0.880 205.2900
0.881 205.2812
0.882 205.2724
0.883 205.2635
0.884 205.2547
0.885 205.2459
0.886 205.2370
0.887 205.2282
0.888 205.2194
0.889 205.2105
0.890 205.2016
0.891 205.1928
0.892 205.1839
0.893 205.1750
0.894 205.1662
0.895 205.1573
0.896 205.1484
0.897 205.1395
0.898 205.1306
0.899 205.1217
0.900 205.1128
0.901 205.1039
0.902 205.0950
0.903 205.0861
0.904 205.0772
0.905 205.0682
0.906 205.0593
0.907 205.0504
0.908 205.0414
0.909 205.0325
0.910 205.0235
0.911 205.0146
0.912 205.0056
0.913 204.9967
0.914 204.9877
0.915 204.9787
0.916 204.9697
0.917 204.9608
0.918 204.9518
0.919 204.9428
0.920 204.9338
0.921 204.9248
0.922 204.9158
0.923 204.9068
0.924 204.8977
0.925 204.8887
0.926 204.8797
0.927 204.8707
0.928 204.8616
0.929 204.8526
0.930 204.8435
0.931 204.8345
0.932 204.8254
0.933 204.8164
0.934 204.8073
0.935 204.7982
0.936 204.7892
0.937 204.7801
0.938 204.7710
0.939 204.7619
0.940 204.7528
0.941 204.7437
0.942 204.7346
0.943 204.7255
0.944 204.7164
0.945 204.7073
0.946 204.6982
0.947 204.6890
0.948 204.6799
0.949 204.6708
0.950 204.6616
0.951 204.6525
0.952 204.6433
0.953 204.6341
0.954 204.6250
0.955 204.6158
0.956 204.6066
0.957 204.5975
0.958 204.5883
0.959 204.5791
0.960 204.5699
0.961 204.5607
0.962 204.5515
0.963 204.5423
0.964 204.5331
0.965 204.5239
0.966 204.5146
0.967 204.5054
0.968 204.4962
0.969 204.4869
0.970 204.4777
0.971 204.4684
0.972 204.4592
0.973 204.4499
0.974 204.4407
0.975 204.4314
0.976 204.4221
0.977 204.4128
0.978 204.4036
0.979 204.3943
0.980 204.3850
0.981 204.3757
0.982 204.3664
0.983 204.3571
0.984 204.3477
0.985 204.3384
0.986 204.3291
0.987 204.3198
0.988 204.3104
0.989 204.3011
0.990 204.2917
0.991 204.2824
0.992 204.2730
0.993 204.2637
0.994 204.2543
0.995 204.2449
0.996 204.2355
0.997 204.2262
0.998 204.2168
0.999 204.2074
1.000 204.1980
1.001 204.1886
1.002 204.1792
1.003 204.1698
1.004 204.1603
1.005 204.1509
1.006 204.1415
1.007 204.1320
1.008 204.1226
1.009 204.1132
1.010 204.1037
1.011 204.0943
1.012 204.0848
1.013 204.0753
1.014 204.0659
1.015 204.0564
1.016 204.0469
1.017 204.0374
1.018 204.0279
1.019 204.0184
1.020 204.0089
1.021 203.9994
1.022 203.9899
1.023 203.9804
1.024 203.9708
1.025 203.9613
1.026 203.9518
1.027 203.9422
1.028 203.9327
1.029 203.9231
1.030 203.9136
1.031 203.9040
1.032 203.8944
1.033 203.8849
1.034 203.8753
1.035 203.8657
1.036 203.8561
1.037 203.8465
1.038 203.8369
1.039 203.8273
1.040 203.8177
1.041 203.8081
1.042 203.7984
1.043 203.7888
1.044 203.7792
1.045 203.7695
1.046 203.7599
1.047 203.7502
1.048 203.7406
1.049 203.7309
1.050 203.7212
1.051 203.7116
1.052 203.7019
1.053 203.6922
1.054 203.6825
1.055 203.6728
1.056 203.6631
1.057 203.6534
1.058 203.6437
1.059 203.6340
1.060 203.6242
1.061 203.6145
1.062 203.6048
1.063 203.5950
1.064 203.5853
1.065 203.5755
1.066 203.5658
1.067 203.5560
1.068 203.5462
1.069 203.5365
1.070 203.5267
1.071 203.5169
1.072 203.5071
1.073 203.4973
1.074 203.4875
1.075 203.4777
1.076 203.4679
1.077 203.4581
1.078 203.4482
1.079 203.4384
1.080 203.4286
1.081 203.4187
1.082 203.4089
1.083 203.3990
1.084 203.3891
1.085 203.3793
1.086 203.3694
1.087 203.3595
1.088 203.3496
1.089 203.3397
1.090 203.3298
1.091 203.3199
1.092 203.3100
1.093 203.3001
1.094 203.2902
1.095 203.2803
1.096 203.2703
1.097 203.2604
1.098 203.2505
1.099 203.2405
1.100 203.2306
1.101 203.2206
1.102 203.2106
1.103 203.2007
1.104 203.1907
1.105 203.1807
1.106 203.1707
1.107 203.1607
1.108 203.1507
1.109 203.1407
1.110 203.1307
1.111 203.1207
1.112 203.1106
1.113 203.1006
1.114 203.0906
1.115 203.0805
1.116 203.0705
1.117 203.0604
1.118 203.0503
1.119 203.0403
1.120 203.0302
1.121 203.0201
1.122 203.0100
1.123 202.9999
1.124 202.9898
1.125 202.9797
1.126 202.9696
1.127 202.9595
1.128 202.9494
1.129 202.9392
1.130 202.9291
1.131 202.9190
1.132 202.9088
1.133 202.8987
1.134 202.8885
1.135 202.8783
1.136 202.8682
1.137 202.8580
1.138 202.8478
1.139 202.8376
1.140 202.8274
1.141 202.8172
1.142 202.8070
1.143 202.7968
1.144 202.7865
1.145 202.7763
1.146 202.7661
1.147 202.7558
1.148 202.7456
1.149 202.7353
1.150 202.7251
1.151 202.7148
1.152 202.7045
1.153 202.6942
1.154 202.6840
1.155 202.6737
1.156 202.6634
1.157 202.6531
1.158 202.6428
1.159 202.6324
1.160 202.6221
1.161 202.6118
1.162 202.6014
1.163 202.5911
1.164 202.5808
1.165 202.5704
1.166 202.5600
1.167 202.5497
1.168 202.5393
1.169 202.5289
1.170 202.5185
1.171 202.5081
1.172 202.4977
1.173 202.4873
1.174 202.4769
1.175 202.4665
1.176 202.4560
1.177 202.4456
1.178 202.4352
1.179 202.4247
1.180 202.4143
1.181 202.4038
1.182 202.3933
1.183 202.3829
1.184 202.3724
1.185 202.3619
1.186 202.3514
1.187 202.3409
1.188 202.3304
1.189 202.3199
1.190 202.3094
1.191 202.2988
1.192 202.2883
1.193 202.2778
1.194 202.2672
1.195 202.2567
1.196 202.2461
1.197 202.2356
1.198 202.2250
1.199 202.2144
1.200 202.2038
1.201 202.1932
1.202 202.1826
1.203 202.1720
1.204 202.1614
1.205 202.1508
1.206 202.1402
1.207 202.1295
1.208 202.1189
1.209 202.1082
1.210 202.0976
1.211 202.0869
1.212 202.0762
1.213 202.0656
1.214 202.0549
1.215 202.0442
1.216 202.0335
1.217 202.0228
1.218 202.0121
1.219 202.0014
1.220 201.9907
1.221 201.9799
1.222 201.9692
1.223 201.9585
1.224 201.9477
1.225 201.9369
1.226 201.9262
1.227 201.9154
1.228 201.9046
1.229 201.8938
1.230 201.8831
1.231 201.8723
1.232 201.8614
1.233 201.8506
1.234 201.8398
1.235 201.8290
1.236 201.8182
1.237 201.8073
1.238 201.7965
1.239 201.7856
1.240 201.7747
1.241 201.7639
1.242 201.7530
1.243 201.7421
1.244 201.7312
1.245 201.7203
1.246 201.7094
1.247 201.6985
1.248 201.6876
1.249 201.6767
1.250 201.6657
1.251 201.6548
1.252 201.6438
1.253 201.6329
1.254 201.6219
1.255 201.6109
1.256 201.6000
1.257 201.5890
1.258 201.5780
1.259 201.5670
1.260 201.5560
1.261 201.5450
1.262 201.5340
1.263 201.5229
1.264 201.5119
1.265 201.5008
1.266 201.4898
1.267 201.4787
1.268 201.4677
1.269 201.4566
1.270 201.4455
1.271 201.4344
1.272 201.4233
1.273 201.4122
1.274 201.4011
1.275 201.3900
1.276 201.3789
1.277 201.3677
1.278 201.3566
1.279 201.3455
1.280 201.3343
1.281 201.3231
1.282 201.3120
1.283 201.3008
1.284 201.2896
1.285 201.2784
1.286 201.2672
1.287 201.2560
1.288 201.2448
1.289 201.2336
1.290 201.2223
1.291 201.2111
1.292 201.1999
1.293 201.1886
1.294 201.1774
1.295 201.1661
1.296 201.1548
1.297 201.1435
1.298 201.1322
1.299 201.1209
1.300 201.1096
1.301 201.0983
1.302 201.0870
1.303 201.0757
1.304 201.0643
1.305 201.0530
1.306 201.0416
1.307 201.0303
1.308 201.0189
1.309 201.0075
1.310 200.9961
1.311 200.9847
1.312 200.9733
1.313 200.9619
1.314 200.9505
1.315 200.9391
1.316 200.9277
1.317 200.9162
1.318 200.9048
1.319 200.8933
1.320 200.8819
1.321 200.8704
1.322 200.8589
1.323 200.8474
1.324 200.8359
1.325 200.8244
1.326 200.8129
1.327 200.8014
1.328 200.7899
1.329 200.7783
1.330 200.7668
1.331 200.7552
1.332 200.7437
1.333 200.7321
1.334 200.7205
1.335 200.7089
1.336 200.6974
1.337 200.6858
1.338 200.6741
1.339 200.6625
1.340 200.6509
1.341 200.6393
1.342 200.6276
1.343 200.6160
1.344 200.6043
1.345 200.5927
1.346 200.5810
1.347 200.5693
1.348 200.5576
1.349 200.5459
1.350 200.5342
1.351 200.5225
1.352 200.5108
1.353 200.4990
1.354 200.4873
1.355 200.4756
1.356 200.4638
1.357 200.4520
1.358 200.4403
1.359 200.4285
1.360 200.4167
1.361 200.4049
1.362 200.3931
1.363 200.3813
1.364 200.3694
1.365 200.3576
1.366 200.3458
1.367 200.3339
1.368 200.3221
1.369 200.3102
1.370 200.2983
1.371 200.2864
1.372 200.2745
1.373 200.2626
1.374 200.2507
1.375 200.2388
1.376 200.2269
1.377 200.2149
1.378 200.2030
1.379 200.1911
1.380 200.1791
1.381 200.1671
1.382 200.1551
1.383 200.1432
1.384 200.1312
1.385 200.1192
1.386 200.1071
1.387 200.0951
1.388 200.0831
1.389 200.0710
1.390 200.0590
1.391 200.0469
1.392 200.0349
1.393 200.0228
1.394 200.0107
1.395 199.9986
1.396 199.9865
1.397 199.9744
1.398 199.9623
1.399 199.9502
1.400 199.9380
1.401 199.9259
1.402 199.9137
1.403 199.9016
1.404 199.8894
1.405 199.8772
1.406 199.8650
1.407 199.8528
1.408 199.8406
1.409 199.8284
1.410 199.8161
1.411 199.8039
1.412 199.7917
1.413 199.7794
1.414 199.7671
1.415 199.7549
1.416 199.7426
1.417 199.7303
1.418 199.7180
1.419 199.7057
1.420 199.6934
1.421 199.6810
1.422 199.6687
1.423 199.6564
1.424 199.6440
1.425 199.6316
1.426 199.6193
1.427 199.6069
1.428 199.5945
1.429 199.5821
1.430 199.5697
1.431 199.5572
1.432 199.5448
1.433 199.5324
1.434 199.5199
1.435 199.5075
1.436 199.4950
1.437 199.4825
1.438 199.4700
1.439 199.4575
1.440 199.4450
1.441 199.4325
1.442 199.4200
1.443 199.4074
1.444 199.3949
1.445 199.3823
1.446 199.3698
1.447 199.3572
1.448 199.3446
1.449 199.3320
1.450 199.3194
1.451 199.3068
1.452 199.2942
1.453 199.2816
1.454 199.2689
1.455 199.2563
1.456 199.2436
1.457 199.2309
1.458 199.2182
1.459 199.2056
1.460 199.1929
1.461 199.1801
1.462 199.1674
1.463 199.1547
1.464 199.1420
1.465 199.1292
1.466 199.1164
1.467 199.1037
1.468 199.0909
1.469 199.0781
1.470 199.0653
1.471 199.0525
1.472 199.0397
1.473 199.0268
1.474 199.0140
1.475 199.0012
1.476 198.9883
1.477 198.9754
1.478 198.9625
1.479 198.9496
1.480 198.9367
1.481 198.9238
1.482 198.9109
1.483 198.8980
1.484 198.8850
1.485 198.8721
1.486 198.8591
1.487 198.8462
1.488 198.8332
1.489 198.8202
1.490 198.8072
1.491 198.7942
1.492 198.7811
1.493 198.7681
1.494 198.7551
1.495 198.7420
1.496 198.7289
1.497 198.7159
1.498 198.7028
1.499 198.6897
1.500 198.6766
1.501 198.6635
1.502 198.6503
1.503 198.6350
1.504 198.6218
1.505 198.6086
1.506 198.5955
1.507 198.5823
1.508 198.5691
1.509 198.5558
1.510 198.5426
1.511 198.5294
1.512 198.5161
1.513 198.5029
1.514 198.4896
1.515 198.4763
1.516 198.4630
1.517 198.4497
1.518 198.4364
1.519 198.4231
1.520 198.4097
1.521 198.3964
1.522 198.3830
1.523 198.3697
1.524 198.3563
1.525 198.3429
1.526 198.3295
1.527 198.3161
1.528 198.3027
1.529 198.2892
1.530 198.2758
1.531 198.2623
1.532 198.2489
1.533 198.2354
1.534 198.2219
1.535 198.2084
1.536 198.1949
1.537 198.1813
1.538 198.1678
1.539 198.1543
1.540 198.1407
1.541 198.1271
1.542 198.1135
1.543 198.1000
1.544 198.0863
1.545 198.0727
1.546 198.0591
1.547 198.0455
1.548 198.0318
1.549 198.0182
1.550 198.0045
1.551 197.9908
1.552 197.9771
1.553 197.9634
1.554 197.9497
1.555 197.9359
1.556 197.9222
1.557 197.9084
1.558 197.8947
1.559 197.8809
1.560 197.8671
1.561 197.8533
1.562 197.8395
1.563 197.8257
1.564 197.8118
1.565 197.7980
1.566 197.7841
1.567 197.7702
1.568 197.7564
1.569 197.7425
1.570 197.7286
1.571 197.7146
1.572 197.7007
1.573 197.6868
1.574 197.6728
1.575 197.6588
1.576 197.6448
1.577 197.6309
1.578 197.6168
1.579 197.6028
1.580 197.5888
1.581 197.5748
1.582 197.5607
1.583 197.5466
1.584 197.5326
1.585 197.5185
1.586 197.5044
1.587 197.4902
1.588 197.4761
1.589 197.4620
1.590 197.4478
1.591 197.4337
1.592 197.4195
1.593 197.4053
1.594 197.3911
1.595 197.3769
1.596 197.3626
1.597 197.3484
1.598 197.3342
1.599 197.3199
1.600 197.3056
1.601 197.2913
1.602 197.2770
1.603 197.2627
1.604 197.2484
1.605 197.2340
1.606 197.2197
1.607 197.2053
1.608 197.1909
1.609 197.1765
1.610 197.1621
1.611 197.1477
1.612 197.1333
1.613 197.1188
1.614 197.1044
1.615 197.0899
1.616 197.0754
1.617 197.0609
1.618 197.0464
1.619 197.0319
1.620 197.0173
1.621 197.0028
1.622 196.9882
1.623 196.9736
1.624 196.9591
1.625 196.9445
1.626 196.9298
1.627 196.9152
1.628 196.9006
1.629 196.8859
1.630 196.8712
1.631 196.8566
1.632 196.8419
1.633 196.8271
1.634 196.8124
1.635 196.7977
1.636 196.7829
1.637 196.7682
1.638 196.7534
1.639 196.7386
1.640 196.7238
1.641 196.7090
1.642 196.6941
1.643 196.6793
1.644 196.6644
1.645 196.6496
1.646 196.6347
1.647 196.6198
1.648 196.6049
1.649 196.5899
1.650 196.5750
1.651 196.5600
1.652 196.5451
1.653 196.5301
1.654 196.5151
1.655 196.5001
1.656 196.4850
1.657 196.4700
1.658 196.4549
1.659 196.4399
1.660 196.4248
1.661 196.4097
1.662 196.3946
1.663 196.3794
1.664 196.3643
1.665 196.3491
1.666 196.3340
1.667 196.3188
1.668 196.3036
1.669 196.2884
1.670 196.2731
1.671 196.2579
1.672 196.2426
1.673 196.2274
1.674 196.2121
1.675 196.1968
1.676 196.1815
1.677 196.1661
1.678 196.1508
1.679 196.1354
1.680 196.1200
1.681 196.1046
1.682 196.0892
1.683 196.0738
1.684 196.0584
1.685 196.0429
1.686 196.0275
1.687 196.0120
1.688 195.9965
1.689 195.9810
1.690 195.9655
1.691 195.9499
1.692 195.9344
1.693 195.9188
1.694 195.9032
1.695 195.8876
1.696 195.8720
1.697 195.8564
1.698 195.8407
1.699 195.8250
1.700 195.8094
1.701 195.7937
1.702 195.7780
1.703 195.7622
1.704 195.7465
1.705 195.7307
1.706 195.7150
1.707 195.6992
1.708 195.6834
1.709 195.6675
1.710 195.6517
1.711 195.6359
1.712 195.6200
1.713 195.6041
1.714 195.5882
1.715 195.5723
1.716 195.5564
1.717 195.5404
1.718 195.5245
1.719 195.5085
1.720 195.4925
1.721 195.4765
1.722 195.4604
1.723 195.4444
1.724 195.4283
1.725 195.4123
1.726 195.3962
1.727 195.3801
1.728 195.3639
1.729 195.3478
1.730 195.3316
1.731 195.3155
1.732 195.2993
1.733 195.2831
1.734 195.2668
1.735 195.2506
1.736 195.2343
1.737 195.2181
1.738 195.2018
1.739 195.1855
1.740 195.1691
1.741 195.1528
1.742 195.1364
1.743 195.1201
1.744 195.1037
1.745 195.0873
1.746 195.0708
1.747 195.0544
1.748 195.0379
1.749 195.0215
1.750 195.0050
1.751 194.9884
1.752 194.9719
1.753 194.9554
1.754 194.9388
1.755 194.9222
1.756 194.9056
1.757 194.8890
1.758 194.8724
1.759 194.8557
1.760 194.8390
1.761 194.8224
1.762 194.8057
1.763 194.7889
1.764 194.7722
1.765 194.7554
1.766 194.7387
1.767 194.7219
1.768 194.7050
1.769 194.6882
1.770 194.6714
1.771 194.6545
1.772 194.6376
1.773 194.6207
1.774 194.6038
1.775 194.5869
1.776 194.5699
1.777 194.5529
1.778 194.5359
1.779 194.5189
1.780 194.5019
1.781 194.4848
1.782 194.4678
1.783 194.4507
1.784 194.4336
1.785 194.4164
1.786 194.3993
1.787 194.3821
1.788 194.3650
1.789 194.3478
1.790 194.3305
1.791 194.3133
1.792 194.2961
1.793 194.2788
1.794 194.2615
1.795 194.2442
1.796 194.2268
1.797 194.2095
1.798 194.1921
1.799 194.1747
1.800 194.1573
1.801 194.1399
1.802 194.1224
1.803 194.1050
1.804 194.0875
1.805 194.0700
1.806 194.0525
1.807 194.0349
1.808 194.0173
1.809 193.9998
1.810 193.9822
1.811 193.9645
1.812 193.9469
1.813 193.9292
1.814 193.9115
1.815 193.8938
1.816 193.8761
1.817 193.8584
1.818 193.8406
1.819 193.8228
1.820 193.8050
1.821 193.7872
1.822 193.7693
1.823 193.7515
1.824 193.7336
1.825 193.7157
1.826 193.6977
1.827 193.6798
1.828 193.6618
1.829 193.6438
1.830 193.6258
1.831 193.6078
1.832 193.5897
1.833 193.5717
1.834 193.5536
1.835 193.5354
1.836 193.5173
1.837 193.4991
1.838 193.4810
1.839 193.4628
1.840 193.4445
1.841 193.4263
1.842 193.4080
1.843 193.3897
1.844 193.3714
1.845 193.3531
1.846 193.3348
1.847 193.3164
1.848 193.2980
1.849 193.2796
1.850 193.2611
1.851 193.2427
1.852 193.2242
1.853 193.2057
1.854 193.1872
1.855 193.1686
1.856 193.1500
1.857 193.1314
1.858 193.1128
1.859 193.0942
1.860 193.0755
1.861 193.0568
1.862 193.0381
1.863 193.0194
1.864 193.0007
1.865 192.9819
1.866 192.9631
1.867 192.9443
1.868 192.9254
1.869 192.9066
1.870 192.8877
1.871 192.8688
1.872 192.8498
1.873 192.8309
1.874 192.8119
1.875 192.7929
1.876 192.7739
1.877 192.7548
1.878 192.7357
1.879 192.7166
1.880 192.6975
1.881 192.6784
1.882 192.6592
1.883 192.6400
1.884 192.6208
1.885 192.6015
1.886 192.5823
1.887 192.5630
1.888 192.5437
1.889 192.5243
1.890 192.5050
1.891 192.4856
1.892 192.4662
1.893 192.4467
1.894 192.4273
1.895 192.4078
1.896 192.3883
1.897 192.3687
1.898 192.3492
1.899 192.3296
1.900 192.3100
1.901 192.2904
1.902 192.2707
1.903 192.2510
1.904 192.2313
1.905 192.2116
1.906 192.1918
1.907 192.1720
1.908 192.1522
1.909 192.1324
1.910 192.1125
1.911 192.0926
1.912 192.0727
1.913 192.0528
1.914 192.0328
1.915 192.0128
1.916 191.9928
1.917 191.9728
1.918 191.9527
1.919 191.9326
1.920 191.9125
1.921 191.8923
1.922 191.8721
1.923 191.8519
1.924 191.8317
1.925 191.8115
1.926 191.7912
1.927 191.7709
1.928 191.7505
1.929 191.7302
1.930 191.7098
1.931 191.6894
1.932 191.6689
1.933 191.6484
1.934 191.6279
1.935 191.6074
1.936 191.5869
1.937 191.5663
1.938 191.5457
1.939 191.5250
1.940 191.5044
1.941 191.4837
1.942 191.4629
1.943 191.4422
1.944 191.4214
1.945 191.4006
1.946 191.3798
1.947 191.3589
1.948 191.3380
1.949 191.3171
1.950 191.2961
1.951 191.2751
1.952 191.2541
1.953 191.2331
1.954 191.2120
1.955 191.1909
1.956 191.1698
1.957 191.1487
1.958 191.1275
1.959 191.1063
1.960 191.0850
1.961 191.0637
1.962 191.0424
1.963 191.0211
1.964 190.9997
1.965 190.9783
1.966 190.9569
1.967 190.9355
1.968 190.9140
1.969 190.8925
1.970 190.8709
1.971 190.8494
1.972 190.8277
1.973 190.8061
1.974 190.7844
1.975 190.7627
1.976 190.7410
1.977 190.7192
1.978 190.6975
1.979 190.6756
1.980 190.6538
1.981 190.6319
1.982 190.6100
1.983 190.5880
1.984 190.5660
1.985 190.5440
1.986 190.5220
1.987 190.4999
1.988 190.4778
1.989 190.4556
1.990 190.4335
1.991 190.4112
1.992 190.3890
1.993 190.3667
1.994 190.3444
1.995 190.3221
1.996 190.2997
1.997 190.2773
1.998 190.2549
1.999 190.2324
2.000 190.2099
2.001 190.1873
2.002 190.1648
2.003 190.1422
2.004 190.1195
2.005 190.0968
2.006 190.0741
2.007 190.0514
2.008 190.0286
2.009 190.0058
2.010 189.9829
2.011 189.9600
2.012 189.9371
2.013 189.9142
2.014 189.8912
2.015 189.8682
2.016 189.8451
2.017 189.8220
2.018 189.7989
2.019 189.7757
2.020 189.7525
2.021 189.7293
2.022 189.7060
2.023 189.6827
2.024 189.6593
2.025 189.6359
2.026 189.6125
2.027 189.5891
2.028 189.5656
2.029 189.5420
2.030 189.5185
2.031 189.4949
2.032 189.4712
2.033 189.4475
2.034 189.4238
2.035 189.4001
2.036 189.3763
2.037 189.3524
2.038 189.3286
2.039 189.3047
2.040 189.2807
2.041 189.2567
2.042 189.2327
2.043 189.2086
2.044 189.1845
2.045 189.1604
2.046 189.1362
2.047 189.1120
2.048 189.0877
2.049 189.0634
2.050 189.0391
2.051 189.0147
2.052 188.9903
2.053 188.9659
2.054 188.9414
2.055 188.9168
2.056 188.8922
2.057 188.8676
2.058 188.8430
2.059 188.8183
2.060 188.7935
2.061 188.7687
2.062 188.7439
2.063 188.7190
2.064 188.6941
2.065 188.6692
2.066 188.6442
2.067 188.6192
2.068 188.5941
2.069 188.5690
2.070 188.5438
2.071 188.5186
2.072 188.4933
2.073 188.4681
2.074 188.4427
2.075 188.4173
2.076 188.3919
2.077 188.3664
2.078 188.3409
2.079 188.3154
2.080 188.2898
2.081 188.2641
2.082 188.2385
2.083 188.2127
2.084 188.1869
2.085 188.1611
2.086 188.1353
2.087 188.1093
2.088 188.0834
2.089 188.0574
2.090 188.0313
2.091 188.0052
2.092 187.9791
2.093 187.9529
2.094 187.9267
2.095 187.9004
2.096 187.8741
2.097 187.8477
2.098 187.8213
2.099 187.7948
2.100 187.7683
2.101 187.7417
2.102 187.7151
2.103 187.6884
2.104 187.6617
2.105 187.6349
2.106 187.6081
2.107 187.5813
2.108 187.5544
2.109 187.5274
2.110 187.5004
2.111 187.4733
2.112 187.4462
2.113 187.4191
2.114 187.3919
2.115 187.3646
2.116 187.3373
2.117 187.3099
2.118 187.2825
2.119 187.2550
2.120 187.2275
2.121 187.2000
2.122 187.1723
2.123 187.1447
2.124 187.1169
2.125 187.0892
2.126 187.0613
2.127 187.0335
2.128 187.0055
2.129 186.9775
2.130 186.9495
2.131 186.9214
2.132 186.8932
2.133 186.8650
2.134 186.8368
2.135 186.8084
2.136 186.7801
2.137 186.7516
2.138 186.7232
2.139 186.6946
2.140 186.6660
2.141 186.6374
2.142 186.6087
2.143 186.5799
2.144 186.5511
2.145 186.5222
2.146 186.4932
2.147 186.4643
2.148 186.4352
2.149 186.4061
2.150 186.3769
2.151 186.3477
2.152 186.3184
2.153 186.2890
2.154 186.2596
2.155 186.2302
2.156 186.2006
2.157 186.1711
2.158 186.1414
2.159 186.1117
2.160 186.0819
2.161 186.0521
2.162 186.0222
2.163 185.9922
2.164 185.9622
2.165 185.9321
2.166 185.9020
2.167 185.8718
2.168 185.8415
2.169 185.8112
2.170 185.7808
2.171 185.7503
2.172 185.7198
2.173 185.6892
2.174 185.6585
2.175 185.6278
2.176 185.5970
2.177 185.5662
2.178 185.5353
2.179 185.5043
2.180 185.4732
2.181 185.4421
2.182 185.4109
2.183 185.3797
2.184 185.3483
2.185 185.3169
2.186 185.2855
2.187 185.2539
2.188 185.2223
2.189 185.1884
2.190 185.1567
2.191 185.1248
2.192 185.0929
2.193 185.0609
2.194 185.0289
2.195 184.9967
2.196 184.9645
2.197 184.9322
2.198 184.8999
2.199 184.8674
2.200 184.8349
2.201 184.8024
2.202 184.7697
2.203 184.7370
2.204 184.7042
2.205 184.6713
2.206 184.6383
2.207 184.6053
2.208 184.5722
2.209 184.5390
2.210 184.5057
2.211 184.4724
2.212 184.4390
2.213 184.4055
2.214 184.3719
2.215 184.3382
2.216 184.3045
2.217 184.2707
2.218 184.2368
2.219 184.2028
2.220 184.1687
2.221 184.1345
2.222 184.1003
2.223 184.0660
2.224 184.0316
2.225 183.9971
2.226 183.9625
2.227 183.9279
2.228 183.8931
2.229 183.8583
2.230 183.8234
2.231 183.7884
2.232 183.7533
2.233 183.7181
2.234 183.6829
2.235 183.6475
2.236 183.6121
2.237 183.5765
2.238 183.5409
2.239 183.5052
2.240 183.4694
2.241 183.4335
2.242 183.3975
2.243 183.3614
2.244 183.3252
2.245 183.2889
2.246 183.2526
2.247 183.2161
2.248 183.1796
2.249 183.1429
2.250 183.1062
2.251 183.0693
2.252 183.0324
2.253 182.9953
2.254 182.9582
2.255 182.9209
2.256 182.8836
2.257 182.8462
2.258 182.8086
2.259 182.7710
2.260 182.7332
2.261 182.6954
2.262 182.6574
2.263 182.6193
2.264 182.5812
2.265 182.5429
2.266 182.5045
2.267 182.4661
2.268 182.4275
2.269 182.3888
2.270 182.3500
2.271 182.3110
2.272 182.2720
2.273 182.2329
2.274 182.1936
2.275 182.1543
2.276 182.1148
2.277 182.0752
2.278 182.0355
2.279 181.9957
2.280 181.9558
2.281 181.9157
2.282 181.8756
2.283 181.8353
2.284 181.7949
2.285 181.7544
2.286 181.7137
2.287 181.6730
2.288 181.6321
2.289 181.5911
2.290 181.5500
2.291 181.5087
2.292 181.4673
2.293 181.4258
2.294 181.3842
2.295 181.3424
2.296 181.3006
2.297 181.2586
2.298 181.2164
2.299 181.1741
2.300 181.1317
2.301 181.0892
2.302 181.0465
2.303 181.0037
2.304 180.9608
2.305 180.9177
2.306 180.8745
2.307 180.8312
2.308 180.7877
2.309 180.7441
2.310 180.7003
2.311 180.6564
2.312 180.6123
2.313 180.5682
2.314 180.5238
2.315 180.4793
2.316 180.4347
2.317 180.3899
2.318 180.3450
2.319 180.2999
2.320 180.2547
2.321 180.2093
2.322 180.1638
2.323 180.1181
2.324 180.0723
2.325 180.0263
2.326 179.9801
2.327 179.9338
2.328 179.8873
2.329 179.8407
2.330 179.7939
2.331 179.7470
2.332 179.6998
2.333 179.6525
2.334 179.6051
2.335 179.5575
2.336 179.5097
2.337 179.4617
2.338 179.4136
2.339 179.3653
2.340 179.3168
2.341 179.2681
2.342 179.2193
2.343 179.1703
2.344 179.1211
2.345 179.0717
2.346 179.0221
2.347 178.9724
2.348 178.9224
2.349 178.8723
2.350 178.8220
2.351 178.7715
2.352 178.7208
2.353 178.6699
2.354 178.6189
2.355 178.5676
2.356 178.5161
2.357 178.4644
2.358 178.4126
2.359 178.3605
2.360 178.3082
2.361 178.2557
2.362 178.2030
2.363 178.1501
2.364 178.0970
2.365 178.0436
2.366 177.9901
2.367 177.9363
2.368 177.8823
2.369 177.8281
2.370 177.7737
2.371 177.7190
2.372 177.6641
2.373 177.6090
2.374 177.5537
2.375 177.4981
2.376 177.4423
2.377 177.3862
2.378 177.3299
2.379 177.2734
2.380 177.2166
2.381 177.1596
2.382 177.1023
2.383 177.0448
2.384 176.9870
2.385 176.9290
2.386 176.8707
2.387 176.8121
2.388 176.7533
2.389 176.6942
2.390 176.6349
2.391 176.5753
2.392 176.5154
2.393 176.4552
2.394 176.3948
2.395 176.3341
2.396 176.2730
2.397 176.2117
2.398 176.1502
2.399 176.0883
2.400 176.0261
2.401 175.9636
2.402 175.9009
2.403 175.8378
2.404 175.7744
2.405 175.7107
2.406 175.6467
2.407 175.5824
2.408 175.5178
2.409 175.4528
2.410 175.3875
2.411 175.3219
2.412 175.2559
2.413 175.1896
2.414 175.1230
2.415 175.0560
2.416 174.9887
2.417 174.9210
2.418 174.8529
2.419 174.7845
2.420 174.7158
2.421 174.6467
2.422 174.5771
2.423 174.5073
2.424 174.4370
2.425 174.3664
2.426 174.2953
2.427 174.2239
2.428 174.1521
2.429 174.0799
2.430 174.0072
2.431 173.9342
2.432 173.8607
2.433 173.7868
2.434 173.7125
2.435 173.6378
2.436 173.5626
2.437 173.4869
2.438 173.4109
2.439 173.3343
2.440 173.2573
2.441 173.1799
2.442 173.1020
2.443 173.0236
2.444 172.9425
2.445 172.8631
2.446 172.7831
2.447 172.7026
2.448 172.6217
2.449 172.5402
2.450 172.4581
2.451 172.3756
2.452 172.2925
2.453 172.2088
2.454 172.1246
2.455 172.0398
2.456 171.9545
2.457 171.8686
2.458 171.7821
2.459 171.6950
2.460 171.6073
2.461 171.5189
2.462 171.4300
2.463 171.3404
2.464 171.2502
2.465 171.1594
2.466 171.0678
2.467 170.9757
2.468 170.8828
2.469 170.7892
2.470 170.6950
2.471 170.6000
2.472 170.5043
2.473 170.4079
2.474 170.3107
2.475 170.2128
2.476 170.1141
2.477 170.0146
2.478 169.9143
2.479 169.8133
2.480 169.7114
2.481 169.6086
2.482 169.5050
2.483 169.4006
2.484 169.2953
2.485 169.1890
2.486 169.0819
2.487 168.9739
2.488 168.8649
2.489 168.7549
2.490 168.6440
2.491 168.5321
2.492 168.4191
2.493 168.3052
2.494 168.1902
2.495 168.0741
2.496 167.9569
2.497 167.8386
2.498 167.7192
2.499 167.5987
2.500 167.4769
2.501 167.3540
2.502 167.2298
2.503 167.1044
2.504 166.9777
2.505 166.8497
2.506 166.7204
2.507 166.5898
2.508 166.4577
2.509 166.3242
2.510 166.1893
2.511 166.0529
2.512 165.9150
2.513 165.7756
2.514 165.6346
2.515 165.4919
2.516 165.3477
2.517 165.2017
2.518 165.0540
2.519 164.9045
2.520 164.7532
2.521 164.6001
2.522 164.4450
2.523 164.2880
2.524 164.1291
2.525 163.9680
2.526 163.8049
2.527 163.6396
2.528 163.4720
2.529 163.3022
2.530 163.1301
2.531 162.9556
2.532 162.7786
2.533 162.5991
2.534 162.4169
2.535 162.2321
2.536 162.0446
2.537 161.8542
2.538 161.6608
2.539 161.4645
2.540 161.2651
2.541 161.0624
2.542 160.8545
2.543 160.6450
2.544 160.4319
2.545 160.2151
2.546 159.9946
2.547 159.7702
2.548 159.5417
2.549 159.3090
2.550 159.0721
2.551 158.8306
2.552 158.5845
2.553 158.3335
2.554 158.0776
2.555 157.8164
2.556 157.5498
2.557 157.2776
2.558 156.9996
2.559 156.7155
2.560 156.4250
2.561 156.1280
2.562 155.8240
2.563 155.5128
2.564 155.1941
2.565 154.8676
2.566 154.5328
2.567 154.1894
2.568 153.8370
2.569 153.4751
2.570 153.1033
2.571 152.7211
2.572 152.3279
2.573 151.9232
2.574 151.5063
2.575 151.0766
2.576 150.6334
2.577 150.1760
2.578 149.7035
2.579 149.2151
2.580 148.7098
2.581 148.1867
2.582 147.6447
2.583 147.0811
2.584 146.4974
2.585 145.8911
2.586 145.2607
2.587 144.6047
2.588 143.9216
2.589 143.2096
2.590 142.4669
2.591 141.6917
2.592 140.8821
2.593 140.0358
2.594 139.1510
2.595 138.2255
2.596 137.2572
2.597 136.2440
2.598 135.1841
2.599 134.0757
2.600 132.9173
2.601 131.7076
2.602 130.4459
2.603 129.1318
2.604 127.7653
2.605 126.3472
2.606 124.8786
2.607 123.3613
2.608 121.7976
2.609 120.1900
2.610 118.5415
2.611 116.8555
2.612 115.1351
2.613 113.3839
2.614 111.6050
2.615 109.8017
2.616 107.9769
2.617 106.1334
2.618 104.2737
2.619 102.4000
2.620 100.5144
2.621 98.6185
2.622 96.7140
2.623 94.8021
2.624 92.8839
2.625 90.9605
2.626 89.0327
2.627 87.1011
2.628 85.1665
2.629 83.2292
2.630 81.2897
2.631 79.3469
2.632 77.4040
2.633 75.4598
2.634 73.5146
2.635 71.5684
2.636 69.6215
2.637 67.6740
2.638 66.5641
2.639 66.5575
2.640 66.5508
2.641 66.5441
2.642 66.5375
2.643 66.5308
2.644 66.5241
2.645 66.5174
2.646 66.5107
2.647 66.5040
2.648 66.4972
2.649 66.4905
2.650 66.4838
2.651 66.4771
2.652 66.4703
2.653 66.4636
2.654 66.4568
2.655 66.4500
2.656 66.4433
2.657 66.4365
2.658 66.4297
2.659 66.4229
2.660 66.4161
2.661 66.4093
2.662 66.4025
2.663 66.3957
2.664 66.3889
2.665 66.3821
2.666 66.3752
2.667 66.3684
2.668 66.3615
2.669 66.3547
2.670 66.3478
2.671 66.3410
2.672 66.3341
2.673 66.3272
2.674 66.3203
2.675 66.3134
2.676 66.3065
2.677 66.2996
2.678 66.2927
2.679 66.2858
2.680 66.2789
2.681 66.2719
2.682 66.2650
2.683 66.2580
2.684 66.2511
2.685 66.2441
2.686 66.2372
2.687 66.2302
2.688 66.2232
2.689 66.2162
2.690 66.2092
2.691 66.2022
2.692 66.1952
2.693 66.1882
2.694 66.1812
2.695 66.1741
2.696 66.1671
2.697 66.1601
2.698 66.1530
2.699 66.1460
2.700 66.1389
2.701 66.1318
2.702 66.1247
2.703 66.1177
2.704 66.1106
2.705 66.1035
2.706 66.0964
2.707 66.0892
2.708 66.0821
2.709 66.0750
2.710 66.0679
2.711 66.0607
2.712 66.0536
2.713 66.0464
2.714 66.0393
2.715 66.0321
2.716 66.0249
2.717 66.0177
2.718 66.0105
2.719 66.0033
2.720 65.9961
2.721 65.9889
2.722 65.9817
2.723 65.9745
2.724 65.9672
2.725 65.9600
2.726 65.9527
2.727 65.9455
2.728 65.9382
2.729 65.9309
2.730 65.9237
2.731 65.9164
2.732 65.9091
2.733 65.9018
2.734 65.8945
2.735 65.8872
2.736 65.8798
2.737 65.8725
2.738 65.8652
2.739 65.8578
2.740 65.8505
2.741 65.8431
2.742 65.8357
2.743 65.8284
2.744 65.8210
2.745 65.8136
2.746 65.8062
2.747 65.7988
2.748 65.7914
2.749 65.7839
2.750 65.7765
2.751 65.7691
2.752 65.7616
2.753 65.7542
2.754 65.7467
2.755 65.7392
2.756 65.7318
2.757 65.7243
2.758 65.7168
2.759 65.7093
2.760 65.7018
2.761 65.6943
2.762 65.6867
2.763 65.6792
2.764 65.6717
2.765 65.6641
2.766 65.6566
2.767 65.6490
2.768 65.6414
2.769 65.6338
2.770 65.6262
2.771 65.6187
2.772 65.6110
2.773 65.6034
2.774 65.5958
2.775 65.5882
2.776 65.5805
2.777 65.5729
2.778 65.5652
2.779 65.5576
2.780 65.5499
2.781 65.5422
2.782 65.5346
2.783 65.5269
2.784 65.5192
2.785 65.5114
2.786 65.5037
2.787 65.4960
2.788 65.4883
2.789 65.4805
2.790 65.4728
2.791 65.4650
2.792 65.4572
2.793 65.4495
2.794 65.4417
2.795 65.4339
2.796 65.4261
2.797 65.4183
2.798 65.4104
2.799 65.4026
2.800 65.3948
2.801 65.3869
2.802 65.3791
2.803 65.3712
2.804 65.3633
2.805 65.3555
2.806 65.3476
2.807 65.3397
2.808 65.3318
2.809 65.3238
2.810 65.3159
2.811 65.3080
2.812 65.3000
2.813 65.2921
2.814 65.2841
2.815 65.2762
2.816 65.2682
2.817 65.2602
2.818 65.2522
2.819 65.2442
2.820 65.2362
2.821 65.2282
2.822 65.2201
2.823 65.2121
2.824 65.2040
2.825 65.1960
2.826 65.1879
2.827 65.1798
2.828 65.1718
2.829 65.1637
2.830 65.1556
2.831 65.1474
2.832 65.1393
2.833 65.1312
2.834 65.1230
2.835 65.1149
2.836 65.1067
2.837 65.0986
2.838 65.0904
2.839 65.0822
2.840 65.0740
2.841 65.0658
2.842 65.0576
2.843 65.0494
2.844 65.0411
2.845 65.0329
2.846 65.0246
2.847 65.0164
2.848 65.0081
2.849 64.9998
2.850 64.9915
2.851 64.9832
2.852 64.9749
2.853 64.9666
2.854 64.9583
2.855 64.9499
2.856 64.9416
2.857 64.9332
2.858 64.9248
2.859 64.9165
2.860 64.9081
2.861 64.8997
2.862 64.8913
2.863 64.8828
2.864 64.8744
2.865 64.8660
2.866 64.8575
2.867 64.8491
2.868 64.8406
2.869 64.8321
2.870 64.8236
2.871 64.8151
2.872 64.8066
2.873 64.7981
2.874 64.7896
2.875 64.7810
2.876 64.7725
2.877 64.7639
2.878 64.7554
2.879 64.7468
2.880 64.7382
2.881 64.7296
2.882 64.7210
2.883 64.7123
2.884 64.7037
2.885 64.6951
2.886 64.6864
2.887 64.6778
2.888 64.6691
2.889 64.6604
2.890 64.6517
2.891 64.6430
2.892 64.6343
2.893 64.6256
2.894 64.6168
2.895 64.6081
2.896 64.5993
2.897 64.5905
2.898 64.5818
2.899 64.5730
2.900 64.5642
2.901 64.5554
2.902 64.5465
2.903 64.5377
2.904 64.5289
2.905 64.5200
2.906 64.5111
2.907 64.5023
2.908 64.4934
2.909 64.4845
2.910 64.4756
2.911 64.4666
2.912 64.4577
2.913 64.4488
2.914 64.4398
2.915 64.4308
2.916 64.4219
2.917 64.4129
2.918 64.4039
2.919 64.3949
2.920 64.3858
2.921 64.3768
2.922 64.3677
2.923 64.3587
2.924 64.3496
2.925 64.3405
2.926 64.3314
2.927 64.3223
2.928 64.3132
2.929 64.3041
2.930 64.2950
2.931 64.2858
2.932 64.2766
2.933 64.2675
2.934 64.2583
2.935 64.2491
2.936 64.2399
2.937 64.2307
2.938 64.2214
2.939 64.2122
2.940 64.2029
2.941 64.1937
2.942 64.1844
2.943 64.1751
2.944 64.1658
2.945 64.1565
2.946 64.1471
2.947 64.1378
2.948 64.1284
2.949 64.1191
2.950 64.1097
2.951 64.1003
2.952 64.0909
2.953 64.0815
2.954 64.0721
2.955 64.0626
2.956 64.0532
2.957 64.0437
2.958 64.0342
2.959 64.0247
2.960 64.0152
2.961 64.0057
2.962 63.9962
2.963 63.9866
2.964 63.9771
2.965 63.9675
2.966 63.9580
2.967 63.9484
2.968 63.9388
2.969 63.9291
2.970 63.9195
2.971 63.9099
2.972 63.9002
2.973 63.8905
2.974 63.8809
2.975 63.8712
2.976 63.8615
2.977 63.8517
2.978 63.8420
2.979 63.8322
2.980 63.8225
2.981 63.8127
2.982 63.8029
2.983 63.7931
2.984 63.7833
2.985 63.7735
2.986 63.7636
2.987 63.7538
2.988 63.7439
2.989 63.7340
2.990 63.7241
2.991 63.7142
2.992 63.7043
2.993 63.6944
2.994 63.6844
2.995 63.6744
2.996 63.6645
2.997 63.6545
2.998 63.6445
2.999 63.6344
3.000 63.6244
3.001 63.6144
3.002 63.6043
3.003 63.5942
3.004 63.5841
3.005 63.5740
3.006 63.5639
3.007 63.5538
3.008 63.5436
3.009 63.5335
3.010 63.5233
3.011 63.5131
3.012 63.5029
3.013 63.4927
3.014 63.4824
3.015 63.4722
3.016 63.4619
3.017 63.4516
3.018 63.4413
3.019 63.4310
3.020 63.4207
3.021 63.4104
3.022 63.4000
3.023 63.3897
3.024 63.3793
3.025 63.3689
3.026 63.3585
3.027 63.3480
3.028 63.3376
3.029 63.3271
3.030 63.3166
3.031 63.3062
3.032 63.2957
3.033 63.2851
3.034 63.2746
3.035 63.2640
3.036 63.2535
3.037 63.2429
3.038 63.2323
3.039 63.2217
3.040 63.2111
3.041 63.2004
3.042 63.1897
3.043 63.1791
3.044 63.1684
3.045 63.1577
3.046 63.1469
3.047 63.1362
3.048 63.1254
3.049 63.1147
3.050 63.1039
3.051 63.0931
3.052 63.0822
3.053 63.0714
3.054 63.0606
3.055 63.0497
3.056 63.0388
3.057 63.0279
3.058 63.0170
3.059 63.0060
3.060 62.9951
3.061 62.9841
3.062 62.9731
3.063 62.9621
3.064 62.9511
3.065 62.9401
3.066 62.9290
3.067 62.9179
3.068 62.9068
3.069 62.8957
3.070 62.8846
3.071 62.8735
3.072 62.8623
3.073 62.8511
3.074 62.8399
3.075 62.8287
3.076 62.8175
3.077 62.8062
3.078 62.7950
3.079 62.7837
3.080 62.7724
3.081 62.7611
3.082 62.7497
3.083 62.7384
3.084 62.7270
3.085 62.7156
3.086 62.7042
3.087 62.6928
3.088 62.6814
3.089 62.6699
3.090 62.6584
3.091 62.6469
3.092 62.6354
3.093 62.6239
3.094 62.6123
3.095 62.6007
3.096 62.5891
3.097 62.5775
3.098 62.5659
3.099 62.5543
3.100 62.5426
3.101 62.5309
3.102 62.5192
3.103 62.5075
3.104 62.4957
3.105 62.4840
3.106 62.4722
3.107 62.4604
3.108 62.4486
3.109 62.4367
3.110 62.4249
3.111 62.4130
3.112 62.4011
3.113 62.3892
3.114 62.3772
3.115 62.3653
3.116 62.3533
3.117 62.3413
3.118 62.3293
3.119 62.3172
3.120 62.3052
3.121 62.2931
3.122 62.2810
3.123 62.2689
3.124 62.2567
3.125 62.2446
3.126 62.2324
3.127 62.2202
3.128 62.2080
3.129 62.1957
3.130 62.1835
3.131 62.1712
3.132 62.1589
3.133 62.1465
3.134 62.1342
3.135 62.1218
3.136 62.1094
3.137 62.0970
3.138 62.0846
3.139 62.0721
3.140 62.0596
3.141 62.0471
3.142 62.0346
3.143 62.0221
3.144 62.0095
3.145 61.9969
3.146 61.9843
3.147 61.9717
3.148 61.9590
3.149 61.9464
3.150 61.9337
3.151 61.9209
3.152 61.9082
3.153 61.8954
3.154 61.8826
3.155 61.8698
3.156 61.8570
3.157 61.8441
3.158 61.8313
3.159 61.8183
3.160 61.8054
3.161 61.7925
3.162 61.7795
3.163 61.7665
3.164 61.7535
3.165 61.7404
3.166 61.7274
3.167 61.7143
3.168 61.7012
3.169 61.6880
3.170 61.6749
3.171 61.6617
3.172 61.6485
3.173 61.6352
3.174 61.6220
3.175 61.6087
3.176 61.5954
3.177 61.5820
3.178 61.5687
3.179 61.5553
3.180 61.5419
3.181 61.5285
3.182 61.5150
3.183 61.5015
3.184 61.4880
3.185 61.4745
3.186 61.4609
3.187 61.4473
3.188 61.4337
3.189 61.4201
3.190 61.4064
3.191 61.3927
3.192 61.3790
3.193 61.3653
3.194 61.3515
3.195 61.3377
3.196 61.3239
3.197 61.3100
3.198 61.2962
3.199 61.2823
3.200 61.2683
3.201 61.2544
3.202 61.2404
3.203 61.2264
3.204 61.2123
3.205 61.1983
3.206 61.1842
3.207 61.1701
3.208 61.1559
3.209 61.1417
3.210 61.1275
3.211 61.1133
3.212 61.0991
3.213 61.0848
3.214 61.0705
3.215 61.0561
3.216 61.0417
3.217 61.0273
3.218 61.0129
3.219 60.9984
3.220 60.9840
3.221 60.9694
3.222 60.9549
3.223 60.9403
3.224 60.9257
3.225 60.9111
3.226 60.8964
3.227 60.8817
3.228 60.8670
3.229 60.8522
3.230 60.8374
3.231 60.8226
3.232 60.8078
3.233 60.7929
3.234 60.7780
3.235 60.7631
3.236 60.7481
3.237 60.7331
3.238 60.7181
3.239 60.7030
3.240 60.6879
3.241 60.6728
3.242 60.6576
3.243 60.6424
3.244 60.6272
3.245 60.6119
3.246 60.5967
3.247 60.5813
3.248 60.5660
3.249 60.5506
3.250 60.5352
3.251 60.5197
3.252 60.5043
3.253 60.4887
3.254 60.4732
3.255 60.4576
3.256 60.4420
3.257 60.4263
3.258 60.4106
3.259 60.3949
3.260 60.3792
3.261 60.3634
3.262 60.3476
3.263 60.3317
3.264 60.3158
3.265 60.2999
3.266 60.2839
3.267 60.2679
3.268 60.2519
3.269 60.2358
3.270 60.2197
3.271 60.2036
3.272 60.1874
3.273 60.1712
3.274 60.1549
3.275 60.1386
3.276 60.1223
3.277 60.1060
3.278 60.0896
3.279 60.0731
3.280 60.0567
3.281 60.0401
3.282 60.0236
3.283 60.0070
3.284 59.9904
3.285 59.9737
3.286 59.9570
3.287 59.9403
3.288 59.9235
3.289 59.9067
3.290 59.8898
3.291 59.8729
3.292 59.8560
3.293 59.8390
3.294 59.8220
3.295 59.8050
3.296 59.7879
3.297 59.7707
3.298 59.7535
3.299 59.7363
3.300 59.7191
3.301 59.7018
3.302 59.6844
3.303 59.6670
3.304 59.6496
3.305 59.6322
3.306 59.6146
3.307 59.5971
3.308 59.5795
3.309 59.5619
3.310 59.5442
3.311 59.5265
3.312 59.5087
3.313 59.4909
3.314 59.4730
3.315 59.4551
3.316 59.4372
3.317 59.4177
3.318 59.3997
3.319 59.3816
3.320 59.3634
3.321 59.3452
3.322 59.3270
3.323 59.3087
3.324 59.2904
3.325 59.2720
3.326 59.2536
3.327 59.2351
3.328 59.2166
3.329 59.1980
3.330 59.1794
3.331 59.1608
3.332 59.1420
3.333 59.1233
3.334 59.1045
3.335 59.0856
3.336 59.0667
3.337 59.0478
3.338 59.0288
3.339 59.0097
3.340 58.9906
3.341 58.9714
3.342 58.9522
3.343 58.9330
3.344 58.9137
3.345 58.8943
3.346 58.8749
3.347 58.8554
3.348 58.8359
3.349 58.8163
3.350 58.7967
3.351 58.7770
3.352 58.7573
3.353 58.7375
3.354 58.7176
3.355 58.6978
3.356 58.6778
3.357 58.6578
3.358 58.6377
3.359 58.6176
3.360 58.5974
3.361 58.5772
3.362 58.5569
3.363 58.5366
3.364 58.5162
3.365 58.4957
3.366 58.4752
3.367 58.4546
3.368 58.4340
3.369 58.4133
3.370 58.3925
3.371 58.3717
3.372 58.3508
3.373 58.3299
3.374 58.3089
3.375 58.2879
3.376 58.2667
3.377 58.2456
3.378 58.2243
3.379 58.2030
3.380 58.1816
3.381 58.1602
3.382 58.1387
3.383 58.1172
3.384 58.0955
3.385 58.0739
3.386 58.0521
3.387 58.0303
3.388 58.0084
3.389 57.9864
3.390 57.9644
3.391 57.9423
3.392 57.9202
3.393 57.8980
3.394 57.8757
3.395 57.8533
3.396 57.8309
3.397 57.8084
3.398 57.7858
3.399 57.7632
3.400 57.7405
3.401 57.7177
3.402 57.6948
3.403 57.6719
3.404 57.6489
3.405 57.6259
3.406 57.6027
3.407 57.5795
3.408 57.5562
3.409 57.5328
3.410 57.5094
3.411 57.4859
3.412 57.4623
3.413 57.4386
3.414 57.4148
3.415 57.3910
3.416 57.3671
3.417 57.3431
3.418 57.3190
3.419 57.2949
3.420 57.2707
3.421 57.2464
3.422 57.2220
3.423 57.1975
3.424 57.1729
3.425 57.1483
3.426 57.1236
3.427 57.0988
3.428 57.0739
3.429 57.0489
3.430 57.0238
3.431 56.9987
3.432 56.9734
3.433 56.9481
3.434 56.9227
3.435 56.8972
3.436 56.8716
3.437 56.8459
3.438 56.8201
3.439 56.7942
3.440 56.7683
3.441 56.7422
3.442 56.7161
3.443 56.6898
3.444 56.6635
3.445 56.6370
3.446 56.6105
3.447 56.5839
3.448 56.5571
3.449 56.5303
3.450 56.5034
3.451 56.4764
3.452 56.4492
3.453 56.4220
3.454 56.3947
3.455 56.3672
3.456 56.3397
3.457 56.3121
3.458 56.2843
3.459 56.2565
3.460 56.2285
3.461 56.2004
3.462 56.1722
3.463 56.1439
3.464 56.1155
3.465 56.0870
3.466 56.0584
3.467 56.0297
3.468 56.0008
3.469 55.9719
3.470 55.9428
3.471 55.9136
3.472 55.8843
3.473 55.8548
3.474 55.8253
3.475 55.7956
3.476 55.7658
3.477 55.7359
3.478 55.7058
3.479 55.6757
3.480 55.6454
3.481 55.6150
3.482 55.5844
3.483 55.5538
3.484 55.5229
3.485 55.4920
3.486 55.4609
3.487 55.4297
3.488 55.3984
3.489 55.3669
3.490 55.3353
3.491 55.3036
3.492 55.2717
3.493 55.2397
3.494 55.2075
3.495 55.1752
3.496 55.1428
3.497 55.1102
3.498 55.0774
3.499 55.0446
3.500 55.0115
3.501 54.9783
3.502 54.9450
3.503 54.9115
3.504 54.8779
3.505 54.8441
3.506 54.8101
3.507 54.7760
3.508 54.7417
3.509 54.7073
3.510 54.6727
3.511 54.6379
3.512 54.6030
3.513 54.5679
3.514 54.5326
3.515 54.4972
3.516 54.4615
3.517 54.4258
3.518 54.3898
3.519 54.3537
3.520 54.3173
3.521 54.2808
3.522 54.2442
3.523 54.2073
3.524 54.1702
3.525 54.1330
3.526 54.0956
3.527 54.0579
3.528 54.0201
3.529 53.9821
3.530 53.9439
3.531 53.9055
3.532 53.8669
3.533 53.8281
3.534 53.7890
3.535 53.7498
3.536 53.7104
3.537 53.6707
3.538 53.6308
3.539 53.5907
3.540 53.5504
3.541 53.5099
3.542 53.4692
3.543 53.4282
3.544 53.3870
3.545 53.3455
3.546 53.3038
3.547 53.2619
3.548 53.2198
3.549 53.1774
3.550 53.1347
3.551 53.0918
3.552 53.0487
3.553 53.0053
3.554 52.9616
3.555 52.9177
3.556 52.8736
3.557 52.8291
3.558 52.7844
3.559 52.7394
3.560 52.6942
3.561 52.6486
3.562 52.6028
3.563 52.5567
3.564 52.5103
3.565 52.4637
3.566 52.4167
3.567 52.3694
3.568 52.3218
3.569 52.2739
3.570 52.2257
3.571 52.1772
3.572 52.1269
3.573 52.0777
3.574 52.0282
3.575 51.9783
3.576 51.9281
3.577 51.8775
3.578 51.8266
3.579 51.7753
3.580 51.7237
3.581 51.6717
3.582 51.6194
3.583 51.5667
3.584 51.5136
3.585 51.4601
3.586 51.4062
3.587 51.3519
3.588 51.2973
3.589 51.2422
3.590 51.1867
3.591 51.1308
3.592 51.0745
3.593 51.0177
3.594 50.9605
3.595 50.9029
3.596 50.8448
3.597 50.7863
3.598 50.7273
3.599 50.6678
3.600 50.6078
3.601 50.5474
3.602 50.4865
3.603 50.4250
3.604 50.3631
3.605 50.3006
3.606 50.2376
3.607 50.1741
3.608 50.1101
3.609 50.0454
3.610 49.9802
3.611 49.9145
3.612 49.8481
3.613 49.7812
3.614 49.7137
3.615 49.6455
3.616 49.5768
3.617 49.5074
3.618 49.4373
3.619 49.3666
3.620 49.2952
3.621 49.2231
3.622 49.1504
3.623 49.0769
3.624 49.0027
3.625 48.9278
3.626 48.8521
3.627 48.7756
3.628 48.6984
3.629 48.6204
3.630 48.5415
3.631 48.4619
3.632 48.3814
3.633 48.3000
3.634 48.2177
3.635 48.1346
3.636 48.0505
3.637 47.9655
3.638 47.8795
3.639 47.7925
3.640 47.7046
3.641 47.6156
3.642 47.5255
3.643 47.4344
3.644 47.3422
3.645 47.2489
3.646 47.1544
3.647 47.0587
3.648 46.9619
3.649 46.8638
3.650 46.7644
3.651 46.6638
3.652 46.5618
3.653 46.4584
3.654 46.3537
3.655 46.2475
3.656 46.1398
3.657 46.0307
3.658 45.9199
3.659 45.8076
3.660 45.6937
3.661 45.5780
3.662 45.4606
3.663 45.3415
3.664 45.2205
3.665 45.0976
3.666 44.9728
3.667 44.8459
3.668 44.7170
3.669 44.5860
3.670 44.4515
3.671 44.3158
3.672 44.1779
3.673 44.0374
3.674 43.8945
3.675 43.7490
3.676 43.6008
3.677 43.4497
3.678 43.2959
3.679 43.1390
3.680 42.9790
3.681 42.8158
3.682 42.6493
3.683 42.4793
3.684 42.3057
3.685 42.1284
3.686 41.9471
3.687 41.7619
3.688 41.5723
3.689 41.3784
3.690 41.1799
3.691 40.9766
3.692 40.7683
3.693 40.5548
3.694 40.3357
3.695 40.1110
3.696 39.8802
3.697 39.6431
3.698 39.3994
3.699 39.1488
3.700 38.8908
3.701 38.6252
3.702 38.3514
3.703 38.0692
3.704 37.7779
3.705 37.4771
3.706 37.1663
3.707 36.8449
3.708 36.5123
3.709 36.1678
3.710 35.8107
3.711 35.4391
3.712 35.0542
3.713 34.6542
3.714 34.2382
3.715 33.8051
3.716 33.3539
3.717 32.8835
3.718 32.3926
3.719 31.8801
3.720 31.3445
3.721 30.7846
3.722 30.1990
3.723 29.5863
3.724 28.9450
3.725 28.2738
3.726 27.5715
3.727 26.8368
3.728 26.0688
3.729 25.2667
3.730 24.4298
3.731 23.5580
3.732 22.6514
3.733 21.7102
3.734 20.7355
3.735 19.7283
3.736 18.6901
3.737 17.6227
3.738 16.5280
3.739 15.4083
3.740 14.2657
3.741 13.1026
3.742 11.9210
3.743 10.7231
3.744 9.5109
3.745 8.2863
3.746 7.0508
3.747 5.8061
3.748 4.5533
3.749 3.2938
3.750 2.0285
3.751 0.7582
3.752 -0.5162
3.753 -1.7941
3.754 -3.0749
3.755 -4.3582
3.756 -5.6436
3.757 -6.9307
3.758 -8.2193
3.759 -9.5092
3.760 -10.8000
3.761 -12.0917
3.762 -13.3841
3.763 -14.6771
3.764 -15.9706
3.765 -17.2645
3.766 -18.0000
3.767 -18.0000
3.768 -18.0000
3.769 -18.0000
3.770 -18.0000
3.771 -18.0000
3.772 -18.0000
3.773 -18.0000
3.774 -18.0000
3.775 -18.0000
3.776 -18.0000
3.777 -18.0000
3.778 -18.0000
3.779 -18.0000
3.780 -18.0000
3.781 -18.0000
3.782 -18.0000
3.783 -18.0000
3.784 -18.0000
3.785 -18.0000
3.786 -18.0000
3.787 -18.0000
3.788 -18.0000
3.789 -18.0000
3.790 -18.0000
3.791 -18.0000
3.792 -18.0000
3.793 -18.0000
3.794 -18.0000
3.795 -18.0000
3.796 -18.0000
3.797 -18.0000
3.798 -18.0000
3.799 -18.0000
3.800 -18.0000
3.801 -18.0000
3.802 -18.0000
3.803 -18.0000
3.804 -18.0000
3.805 -18.0000
3.806 -18.0000
3.807 -18.0000
3.808 -18.0000
3.809 -18.0000
3.810 -18.0000
                                                                                                                                                                                                                                                                                                                                                                                                                                                                                                                                                                                                                                                                                                                                                                                                                                                                                                                                                                                                                                                                                                                                                                                                                                                                                                                                                                                                                                                                                                                                                                                                                                                                                                                                                                                                                                                                                                                                                                                                                                                                                                                                                                                                                                                                                                                                                                                                                                                                                                                                                                                                                                                                                                                                                                                                                                                                                                                                                                                                                                                                                                                                                                                                                                                                                                                                                                                                                                                                                                                                                                                                                                                                                                                                                                                                                                                                                                                                                                                                                                                                                                                                                                                                                                                                                                                                                                                                                                                                                                                                                                                                                                                                                                                                                                                                                                                                                                                                                                                                                                                                                                                                                                                                                                                                                                                                                                                                                                                                                                                                                                                                                                                                                                                                                                                                                                                                                                                                                                                                                                                                                                                                                                                                                                                                                                                                                                                                                                                                                                                                                                                                                                                                                                                                                                                                                                                                                                                                                                                                                                                                                                                                                                                                                                                                                                                                                                                                                                                                                                                                                                                                                                                                                                                                                                                                                                                                                                                                                                                                                                                                                                                                                                                                                                                                                                                                                                                                                                                                                                                                                                                                                                                                                                                                                                                                                                                                                                                                                                                                                                                                                                                                                                                                                                                                                                                                                                                                                                                                                                                                                                                                                                                                                                                                                                                                                                                                                                                                                                                                                                                                                                                                                                                                                                                                                                                                                                                                                                                                                                                                                                                                                                                                                                                                                                                                                                                                                                                                                                                                                                                                                                                                                                                                                                                                                                                                                                                                                                                                                                                                                                                                                                                                                                                                                                                                                                                                                                                                                                                                                                                                                                                                                                                                                                                                                                                                                                                                                                                                                                                                                                                                                                                                                                                                                                                                                                                                                                                                                                                                                                                                                  4.731 -18.0000
4.732 -18.0000
4.733 -18.0000
4.734 -18.0000
4.735 -18.0000
4.736 -18.0000
4.737 -18.0000
4.738 -18.0000
4.739 -18.0000
4.740 -18.0000
4.741 -18.0000
4.742 -18.0000
4.743 -18.0000
4.744 -18.0000
4.745 -18.0000
4.746 -18.0000
4.747 -18.0000
4.748 -18.0000
4.749 -18.0000
4.750 -18.0000
                                                                                                                                                                                                                           4.766 -18.0000
4.767 -18.0000
4.768 -18.0000
4.769 -18.0000
4.770 -18.0000
4.771 -18.0000
4.772 -18.0000
4.773 -18.0000
4.774 -18.0000
4.775 -18.0000
4.776 -18.0000
4.777 -18.0000
4.778 -18.0000
4.779 -18.0000
4.780 -18.0000
4.781 -18.0000
4.782 -18.0000
4.783 -18.0000
4.784 -18.0000
