-1.000 218.3522
-0.999 218.3480
-0.998 218.3439
-0.997 218.3398
-0.996 218.3356
-0.995 218.3315
-0.994 218.3273
-0.993 218.3232
-0.992 218.3190
-0.991 218.3149
-0.990 218.3107
-0.989 218.3066
-0.988 218.3024
-0.987 218.2983
-0.986 218.2941
-0.985 218.2900
-0.984 218.2858
-0.983 218.2816
-0.982 218.2775
-0.981 218.2733
-0.980 218.2692
-0.979 218.2650
-0.978 218.2608
-0.977 218.2567
-0.976 218.2525
-0.975 218.2483
-0.974 218.2442
-0.973 218.2400
-0.972 218.2358
-0.971 218.2317
-0.970 218.2275
-0.969 218.2233
-0.968 218.2192
-0.967 218.2150
-0.966 218.2108
-0.965 218.2066
-0.964 218.2025
-0.963 218.1983
-0.962 218.1941
-0.961 218.1899
-0.960 218.1857
-0.959 218.1816
-0.958 218.1774
-0.957 218.1732
-0.956 218.1690
-0.955 218.1648
-0.954 218.1606
-0.953 218.1564
-0.952 218.1523
-0.951 218.1481
-0.950 218.1439
-0.949 218.1397
-0.948 218.1355
-0.947 218.1313
-0.946 218.1271
-0.945 218.1229
-0.944 218.1187
-0.943 218.1145
-0.942 218.1103
-0.941 218.1061
-0.940 218.1019
-0.939 218.0977
-0.938 218.0935
-0.937 218.0893
-0.936 218.0851
-0.935 218.0809
-0.934 218.0767
-0.933 218.0725
-0.932 218.0683
-0.931 218.0641
-0.930 218.0599
-0.929 218.0556
-0.928 218.0514
-0.927 218.0472
-0.926 218.0430
-0.925 218.0388
-0.924 218.0346
-0.923 218.0304
-0.922 218.0261
-0.921 218.0219
-0.920 218.0177
-0.919 218.0135
-0.918 218.0093
-0.917 218.0050
-0.916 218.0008
-0.915 217.9966
-0.914 217.9923
-0.913 217.9881
-0.912 217.9839
-0.911 217.9797
-0.910 217.9754
-0.909 217.9712
-0.908 217.9670
-0.907 217.9627
-0.906 217.9585
-0.905 217.9543
-0.904 217.9500
-0.903 217.9458
-0.902 217.9415
-0.901 217.9373
-0.900 217.9331
-0.899 217.9288
-0.898 217.9246
-0.897 217.9203
-0.896 217.9161
-0.895 217.9118
-0.894 217.9076
-0.893 217.9033
-0.892 217.8991
-0.891 217.8948
-0.890 217.8906
-0.889 217.8863
-0.888 217.8821
-0.887 217.8778
-0.886 217.8736
-0.885 217.8693
-0.884 217.8651
-0.883 217.8608
-0.882 217.8565
-0.881 217.8523
-0.880 217.8480
-0.879 217.8438
-0.878 217.8395
-0.877 217.8352
-0.876 217.8310
-0.875 217.8267
-0.874 217.8224
-0.873 217.8182
-0.872 217.8139
-0.871 217.8096
-0.870 217.8053
-0.869 217.8011
-0.868 217.7968
-0.867 217.7925
-0.866 217.7882
-0.865 217.7840
-0.864 217.7797
-0.863 217.7754
-0.862 217.7711
-0.861 217.7668
-0.860 217.7626
-0.859 217.7583
-0.858 217.7540
-0.857 217.7497
-0.856 217.7454
-0.855 217.7411
-0.854 217.7368
-0.853 217.7326
-0.852 217.7283
-0.851 217.7240
-0.850 217.7197
-0.849 217.7154
-0.848 217.7111
-0.847 217.7068
-0.846 217.7025
-0.845 217.6982
-0.844 217.6939
-0.843 217.6896
-0.842 217.6853
-0.841 217.6810
-0.840 217.6767
-0.839 217.6724
-0.838 217.6681
-0.837 217.6638
-0.836 217.6595
-0.835 217.6552
-0.834 217.6508
-0.833 217.6465
-0.832 217.6422
-0.831 217.6379
-0.830 217.6336
-0.829 217.6293
-0.828 217.6250
-0.827 217.6206
-0.826 217.6163
-0.825 217.6120
-0.824 217.6077
-0.823 217.6034
-0.822 217.5990
-0.821 217.5947
-0.820 217.5904
-0.819 217.5861
-0.818 217.5817
-0.817 217.5774
-0.816 217.5731
-0.815 217.5687
-0.814 217.5644
-0.813 217.5601
-0.812 217.5557
-0.811 217.5514
-0.810 217.5471
-0.809 217.5427
-0.808 217.5384
-0.807 217.5341
-0.806 217.5297
-0.805 217.5254
-0.804 217.5210
-0.803 217.5167
-0.802 217.5124
-0.801 217.5080
-0.800 217.5037
-0.799 217.4993
-0.798 217.4950
-0.797 217.4906
-0.796 217.4863
-0.795 217.4819
-0.794 217.4776
-0.793 217.4732
-0.792 217.4688
-0.791 217.4645
-0.790 217.4601
-0.789 217.4558
-0.788 217.4514
-0.787 217.4471
-0.786 217.4427
-0.785 217.4383
-0.784 217.4340
-0.783 217.4296
-0.782 217.4252
-0.781 217.4209
-0.780 217.4165
-0.779 217.4121
-0.778 217.4078
-0.777 217.4034
-0.776 217.3990
-0.775 217.3946
-0.774 217.3903
-0.773 217.3859
-0.772 217.3815
-0.771 217.3771
-0.770 217.3728
-0.769 217.3684
-0.768 217.3640
-0.767 217.3596
-0.766 217.3552
-0.765 217.3508
-0.764 217.3465
-0.763 217.3421
-0.762 217.3377
-0.761 217.3333
-0.760 217.3289
-0.759 217.3245
-0.758 217.3201
-0.757 217.3157
-0.756 217.3113
-0.755 217.3069
-0.754 217.3025
-0.753 217.2981
-0.752 217.2937
-0.751 217.2893
-0.750 217.2849
-0.749 217.2805
-0.748 217.2761
-0.747 217.2717
-0.746 217.2673
-0.745 217.2629
-0.744 217.2585
-0.743 217.2541
-0.742 217.2497
-0.741 217.2453
-0.740 217.2409
-0.739 217.2365
-0.738 217.2320
-0.737 217.2276
-0.736 217.2232
-0.735 217.2188
-0.734 217.2144
-0.733 217.2099
-0.732 217.2055
-0.731 217.2011
-0.730 217.1967
-0.729 217.1923
-0.728 217.1878
-0.727 217.1834
-0.726 217.1790
-0.725 217.1745
-0.724 217.1701
-0.723 217.1657
-0.722 217.1613
-0.721 217.1568
-0.720 217.1524
-0.719 217.1479
-0.718 217.1435
-0.717 217.1391
-0.716 217.1346
-0.715 217.1302
-0.714 217.1258
-0.713 217.1213
-0.712 217.1169
-0.711 217.1124
-0.710 217.1080
-0.709 217.1035
-0.708 217.0991
-0.707 217.0946
-0.706 217.0902
-0.705 217.0857
-0.704 217.0813
-0.703 217.0768
-0.702 217.0724
-0.701 217.0679
-0.700 217.0635
-0.699 217.0590
-0.698 217.0545
-0.697 217.0501
-0.696 217.0456
-0.695 217.0411
-0.694 217.0367
-0.693 217.0322
-0.692 217.0278
-0.691 217.0233
-0.690 217.0188
-0.689 217.0143
-0.688 217.0099
-0.687 217.0054
-0.686 217.0009
-0.685 216.9965
-0.684 216.9920
-0.683 216.9875
-0.682 216.9830
-0.681 216.9785
-0.680 216.9741
-0.679 216.9696
-0.678 216.9651
-0.677 216.9606
-0.676 216.9561
-0.675 216.9516
-0.674 216.9472
-0.673 216.9427
-0.672 216.9382
-0.671 216.9337
-0.670 216.9292
-0.669 216.9247
-0.668 216.9202
-0.667 216.9157
-0.666 216.9112
-0.665 216.9067
-0.664 216.9022
-0.663 216.8977
-0.662 216.8932
-0.661 216.8887
-0.660 216.8842
-0.659 216.8797
-0.658 216.8752
-0.657 216.8707
-0.656 216.8662
-0.655 216.8617
-0.654 216.8572
-0.653 216.8527
-0.652 216.8481
-0.651 216.8436
-0.650 216.8391
-0.649 216.8346
-0.648 216.8301
-0.647 216.8256
-0.646 216.8210
-0.645 216.8165
-0.644 216.8120
-0.643 216.8075
-0.642 216.8030
-0.641 216.7984
-0.640 216.7939
-0.639 216.7894
-0.638 216.7848
-0.637 216.7803
-0.636 216.7758
-0.635 216.7713
-0.634 216.7667
-0.633 216.7622
-0.632 216.7576
-0.631 216.7531
-0.630 216.7486
-0.629 216.7440
-0.628 216.7395
-0.627 216.7349
-0.626 216.7304
-0.625 216.7259
-0.624 216.7213
-0.623 216.7168
-0.622 216.7122
-0.621 216.7077
-0.620 216.7031
-0.619 216.6986
-0.618 216.6940
-0.617 216.6895
-0.616 216.6849
-0.615 216.6804
-0.614 216.6758
-0.613 216.6712
-0.612 216.6667
-0.611 216.6621
-0.610 216.6576
-0.609 216.6530
-0.608 216.6484
-0.607 216.6439
-0.606 216.6393
-0.605 216.6347
-0.604 216.6302
-0.603 216.6256
-0.602 216.6210
-0.601 216.6164
-0.600 216.6119
-0.599 216.6073
-0.598 216.6027
-0.597 216.5981
-0.596 216.5936
-0.595 216.5890
-0.594 216.5844
-0.593 216.5798
-0.592 216.5752
-0.591 216.5706
-0.590 216.5661
-0.589 216.5615
-0.588 216.5569
-0.587 216.5523
-0.586 216.5477
-0.585 216.5431
-0.584 216.5385
-0.583 216.5339
-0.582 216.5293
-0.581 216.5247
-0.580 216.5201
-0.579 216.5155
-0.578 216.5109
-0.577 216.5063
-0.576 216.5017
-0.575 216.4971
-0.574 216.4925
-0.573 216.4879
-0.572 216.4833
-0.571 216.4787
-0.570 216.4741
-0.569 216.4695
-0.568 216.4649
-0.567 216.4602
-0.566 216.4556
-0.565 216.4510
-0.564 216.4464
-0.563 216.4418
-0.562 216.4372
-0.561 216.4325
-0.560 216.4279
-0.559 216.4233
-0.558 216.4187
-0.557 216.4140
-0.556 216.4094
-0.555 216.4048
-0.554 216.4002
-0.553 216.3955
-0.552 216.3909
-0.551 216.3863
-0.550 216.3816
-0.549 216.3770
-0.548 216.3723
-0.547 216.3677
-0.546 216.3631
-0.545 216.3584
-0.544 216.3538
-0.543 216.3491
-0.542 216.3445
-0.541 216.3398
-0.540 216.3352
-0.539 216.3306
-0.538 216.3259
-0.537 216.3213
-0.536 216.3166
-0.535 216.3119
-0.534 216.3073
-0.533 216.3026
-0.532 216.2980
-0.531 216.2933
-0.530 216.2887
-0.529 216.2840
-0.528 216.2793
-0.527 216.2747
-0.526 216.2700
-0.525 216.2653
-0.524 216.2607
-0.523 216.2560
-0.522 216.2513
-0.521 216.2467
-0.520 216.2420
-0.519 216.2373
-0.518 216.2327
-0.517 216.2280
-0.516 216.2233
-0.515 216.2186
-0.514 216.2139
-0.513 216.2093
-0.512 216.2046
-0.511 216.1999
-0.510 216.1952
-0.509 216.1905
-0.508 216.1858
-0.507 216.1811
-0.506 216.1765
-0.505 216.1718
-0.504 216.1671
-0.503 216.1624
-0.502 216.1577
-0.501 216.1530
-0.500 216.1483
-0.499 216.1436
-0.498 216.1389
-0.497 216.1342
-0.496 216.1295
-0.495 216.1248
-0.494 216.1201
-0.493 216.1154
-0.492 216.1107
-0.491 216.1060
-0.490 216.1013
-0.489 216.0965
-0.488 216.0918
-0.487 216.0871
-0.486 216.0824
-0.485 216.0777
-0.484 216.0730
-0.483 216.0682
-0.482 216.0635
-0.481 216.0588
-0.480 216.0541
-0.479 216.0494
-0.478 216.0446
-0.477 216.0399
-0.476 216.0352
-0.475 216.0305
-0.474 216.0257
-0.473 216.0210
-0.472 216.0163
-0.471 216.0115
-0.470 216.0068
-0.469 216.0021
-0.468 215.9973
-0.467 215.9926
-0.466 215.9878
-0.465 215.9831
-0.464 215.9783
-0.463 215.9736
-0.462 215.9689
-0.461 215.9641
-0.460 215.9594
-0.459 215.9546
-0.458 215.9499
-0.457 215.9451
-0.456 215.9404
-0.455 215.9356
-0.454 215.9308
-0.453 215.9261
-0.452 215.9213
-0.451 215.9166
-0.450 215.9118
-0.449 215.9070
-0.448 215.9023
-0.447 215.8975
-0.446 215.8928
-0.445 215.8880
-0.444 215.8832
-0.443 215.8784
-0.442 215.8737
-0.441 215.8689
-0.440 215.8641
-0.439 215.8593
-0.438 215.8546
-0.437 215.8498
-0.436 215.8450
-0.435 215.8402
-0.434 215.8355
-0.433 215.8307
-0.432 215.8259
-0.431 215.8211
-0.430 215.8163
-0.429 215.8115
-0.428 215.8067
-0.427 215.8019
-0.426 215.7971
-0.425 215.7924
-0.424 215.7876
-0.423 215.7828
-0.422 215.7780
-0.421 215.7732
-0.420 215.7684
-0.419 215.7636
-0.418 215.7588
-0.417 215.7540
-0.416 215.7491
-0.415 215.7443
-0.414 215.7395
-0.413 215.7347
-0.412 215.7299
-0.411 215.7251
-0.410 215.7203
-0.409 215.7155
-0.408 215.7107
-0.407 215.7058
-0.406 215.7010
-0.405 215.6962
-0.404 215.6914
-0.403 215.6865
-0.402 215.6817
-0.401 215.6769
-0.400 215.6721
-0.399 215.6672
-0.398 215.6624
-0.397 215.6576
-0.396 215.6528
-0.395 215.6479
-0.394 215.6431
-0.393 215.6382
-0.392 215.6334
-0.391 215.6286
-0.390 215.6237
-0.389 215.6189
-0.388 215.6140
-0.387 215.6092
-0.386 215.6044
-0.385 215.5995
-0.384 215.5947
-0.383 215.5898
-0.382 215.5850
-0.381 215.5801
-0.380 215.5752
-0.379 215.5704
-0.378 215.5655
-0.377 215.5607
-0.376 215.5558
-0.375 215.5510
-0.374 215.5461
-0.373 215.5412
-0.372 215.5364
-0.371 215.5315
-0.370 215.5266
-0.369 215.5218
-0.368 215.5169
-0.367 215.5120
-0.366 215.5071
-0.365 215.5023
-0.364 215.4974
-0.363 215.4925
-0.362 215.4876
-0.361 215.4828
-0.360 215.4779
-0.359 215.4730
-0.358 215.4681
-0.357 215.4632
-0.356 215.4583
-0.355 215.4535
-0.354 215.4486
-0.353 215.4437
-0.352 215.4388
-0.351 215.4328
-0.350 215.4279
-0.349 215.4230
-0.348 215.4181
-0.347 215.4132
-0.346 215.4083
-0.345 215.4034
-0.344 215.3985
-0.343 215.3936
-0.342 215.3887
-0.341 215.3837
-0.340 215.3788
-0.339 215.3739
-0.338 215.3690
-0.337 215.3641
-0.336 215.3592
-0.335 215.3543
-0.334 215.3493
-0.333 215.3444
-0.332 215.3395
-0.331 215.3346
-0.330 215.3296
-0.329 215.3247
-0.328 215.3198
-0.327 215.3149
-0.326 215.3099
-0.325 215.3050
-0.324 215.3001
-0.323 215.2951
-0.322 215.2902
-0.321 215.2853
-0.320 215.2803
-0.319 215.2754
-0.318 215.2704
-0.317 215.2655
-0.316 215.2605
-0.315 215.2556
-0.314 215.2507
-0.313 215.2457
-0.312 215.2408
-0.311 215.2358
-0.310 215.2309
-0.309 215.2259
-0.308 215.2209
-0.307 215.2160
-0.306 215.2110
-0.305 215.2061
-0.304 215.2011
-0.303 215.1961
-0.302 215.1912
-0.301 215.1862
-0.300 215.1812
-0.299 215.1763
-0.298 215.1713
-0.297 215.1663
-0.296 215.1614
-0.295 215.1564
-0.294 215.1514
-0.293 215.1464
-0.292 215.1415
-0.291 215.1365
-0.290 215.1315
-0.289 215.1265
-0.288 215.1215
-0.287 215.1165
-0.286 215.1115
-0.285 215.1066
-0.284 215.1016
-0.283 215.0966
-0.282 215.0916
-0.281 215.0866
-0.280 215.0816
-0.279 215.0766
-0.278 215.0716
-0.277 215.0666
-0.276 215.0616
-0.275 215.0566
-0.274 215.0516
-0.273 215.0466
-0.272 215.0416
-0.271 215.0366
-0.270 215.0316
-0.269 215.0265
-0.268 215.0215
-0.267 215.0165
-0.266 215.0115
-0.265 215.0065
-0.264 215.0015
-0.263 214.9964
-0.262 214.9914
-0.261 214.9864
-0.260 214.9814
-0.259 214.9763
-0.258 214.9713
-0.257 214.9663
-0.256 214.9613
-0.255 214.9562
-0.254 214.9512
-0.253 214.9462
-0.252 214.9411
-0.251 214.9361
-0.250 214.9310
-0.249 214.9260
-0.248 214.9210
-0.247 214.9159
-0.246 214.9109
-0.245 214.9058
-0.244 214.9008
-0.243 214.8957
-0.242 214.8907
-0.241 214.8856
-0.240 214.8806
-0.239 214.8755
-0.238 214.8705
-0.237 214.8654
-0.236 214.8603
-0.235 214.8553
-0.234 214.8502
-0.233 214.8451
-0.232 214.8401
-0.231 214.8350
-0.230 214.8299
-0.229 214.8249
-0.228 214.8198
-0.227 214.8147
-0.226 214.8097
-0.225 214.8046
-0.224 214.7995
-0.223 214.7944
-0.222 214.7893
-0.221 214.7843
-0.220 214.7792
-0.219 214.7741
-0.218 214.7690
-0.217 214.7639
-0.216 214.7588
-0.215 214.7537
-0.214 214.7486
-0.213 214.7435
-0.212 214.7385
-0.211 214.7334
-0.210 214.7283
-0.209 214.7232
-0.208 214.7181
-0.207 214.7130
-0.206 214.7078
-0.205 214.7027
-0.204 214.6976
-0.203 214.6925
-0.202 214.6874
-0.201 214.6823
-0.200 214.6772
-0.199 214.6721
-0.198 214.6670
-0.197 214.6618
-0.196 214.6567
-0.195 214.6516
-0.194 214.6465
-0.193 214.6413
-0.192 214.6362
-0.191 214.6311
-0.190 214.6260
-0.189 214.6208
-0.188 214.6157
-0.187 214.6106
-0.186 214.6054
-0.185 214.6003
-0.184 214.5952
-0.183 214.5900
-0.182 214.5849
-0.181 214.5797
-0.180 214.5746
-0.179 214.5695
-0.178 214.5643
-0.177 214.5592
-0.176 214.5540
-0.175 214.5489
-0.174 214.5437
-0.173 214.5385
-0.172 214.5334
-0.171 214.5282
-0.170 214.5231
-0.169 214.5179
-0.168 214.5127
-0.167 214.5076
-0.166 214.5024
-0.165 214.4973
-0.164 214.4921
-0.163 214.4869
-0.162 214.4817
-0.161 214.4766
-0.160 214.4714
-0.159 214.4662
-0.158 214.4610
-0.157 214.4559
-0.156 214.4507
-0.155 214.4455
-0.154 214.4403
-0.153 214.4351
-0.152 214.4299
-0.151 214.4248
-0.150 214.4196
-0.149 214.4144
-0.148 214.4092
-0.147 214.4040
-0.146 214.3988
-0.145 214.3936
-0.144 214.3884
-0.143 214.3832
-0.142 214.3780
-0.141 214.3728
-0.140 214.3676
-0.139 214.3624
-0.138 214.3572
-0.137 214.3519
-0.136 214.3467
-0.135 214.3415
-0.134 214.3363
-0.133 214.3311
-0.132 214.3259
-0.131 214.3206
-0.130 214.3154
-0.129 214.3102
-0.128 214.3050
-0.127 214.2998
-0.126 214.2945
-0.125 214.2893
-0.124 214.2841
-0.123 214.2788
-0.122 214.2736
-0.121 214.2684
-0.120 214.2631
-0.119 214.2579
-0.118 214.2526
-0.117 214.2474
-0.116 214.2422
-0.115 214.2369
-0.114 214.2317
-0.113 214.2264
-0.112 214.2212
-0.111 214.2159
-0.110 214.2107
-0.109 214.2054
-0.108 214.2002
-0.107 214.1949
-0.106 214.1896
-0.105 214.1844
-0.104 214.1791
-0.103 214.1738
-0.102 214.1686
-0.101 214.1633
-0.100 214.1580
-0.099 214.1528
-0.098 214.1475
-0.097 214.1422
-0.096 214.1370
-0.095 214.1317
-0.094 214.1264
-0.093 214.1211
-0.092 214.1158
-0.091 214.1105
-0.090 214.1053
-0.089 214.1000
-0.088 214.0947
-0.087 214.0894
-0.086 214.0841
-0.085 214.0788
-0.084 214.0735
-0.083 214.0682
-0.082 214.0629
-0.081 214.0576
-0.080 214.0523
-0.079 214.0470
-0.078 214.0417
-0.077 214.0364
-0.076 214.0311
-0.075 214.0258
-0.074 214.0205
-0.073 214.0152
-0.072 214.0098
-0.071 214.0045
-0.070 213.9992
-0.069 213.9939
-0.068 213.9886
-0.067 213.9833
-0.066 213.9779
-0.065 213.9726
-0.064 213.9673
-0.063 213.9619
-0.062 213.9566
-0.061 213.9513
-0.060 213.9459
-0.059 213.9406
-0.058 213.9353
-0.057 213.9299
-0.056 213.9246
-0.055 213.9193
-0.054 213.9139
-0.053 213.9086
-0.052 213.9032
-0.051 213.8979
-0.050 213.8925
-0.049 213.8872
-0.048 213.8818
-0.047 213.8765
-0.046 213.8711
-0.045 213.8657
-0.044 213.8604
-0.043 213.8550
-0.042 213.8496
-0.041 213.8443
-0.040 213.8389
-0.039 213.8335
-0.038 213.8282
-0.037 213.8228
-0.036 213.8174
-0.035 213.8121
-0.034 213.8067
-0.033 213.8013
-0.032 213.7959
-0.031 213.7905
-0.030 213.7852
-0.029 213.7798
-0.028 213.7744
-0.027 213.7690
-0.026 213.7636
-0.025 213.7582
-0.024 213.7528
-0.023 213.7474
-0.022 213.7420
-0.021 213.7366
-0.020 213.7312
-0.019 213.7258
-0.018 213.7204
-0.017 213.7150
-0.016 213.7096
-0.015 213.7042
-0.014 213.6988
-0.013 213.6934
-0.012 213.6880
-0.011 213.6825
-0.010 213.6771
-0.009 213.6717
-0.008 213.6663
-0.007 213.6609
-0.006 213.6554
-0.005 213.6500
-0.004 213.6446
-0.003 213.6391
-0.002 213.6337
-0.001 213.6283
0.000 213.6228
0.001 213.6174
0.002 213.6120
0.003 213.6065
0.004 213.6011
0.005 213.5956
0.006 213.5902
0.007 213.5848
0.008 213.5793
0.009 213.5739
0.010 213.5684
0.011 213.5630
0.012 213.5575
0.013 213.5520
0.014 213.5466
0.015 213.5411
0.016 213.5357
0.017 213.5302
0.018 213.5247
0.019 213.5193
0.020 213.5138
0.021 213.5083
0.022 213.5028
0.023 213.4974
0.024 213.4919
0.025 213.4864
0.026 213.4809
0.027 213.4755
0.028 213.4700
0.029 213.4645
0.030 213.4590
0.031 213.4535
0.032 213.4480
0.033 213.4425
0.034 213.4370
0.035 213.4315
0.036 213.4260
0.037 213.4205
0.038 213.4150
0.039 213.4095
0.040 213.4040
0.041 213.3985
0.042 213.3930
0.043 213.3875
0.044 213.3820
0.045 213.3765
0.046 213.3710
0.047 213.3655
0.048 213.3599
0.049 213.3544
0.050 213.3489
0.051 213.3434
0.052 213.3379
0.053 213.3323
0.054 213.3268
0.055 213.3213
0.056 213.3157
0.057 213.3102
0.058 213.3047
0.059 213.2991
0.060 213.2936
0.061 213.2880
0.062 213.2825
0.063 213.2770
0.064 213.2714
0.065 213.2659
0.066 213.2603
0.067 213.2548
0.068 213.2492
0.069 213.2437
0.070 213.2381
0.071 213.2325
0.072 213.2270
0.073 213.2214
0.074 213.2159
0.075 213.2103
0.076 213.2047
0.077 213.1991
0.078 213.1936
0.079 213.1880
0.080 213.1824
0.081 213.1769
0.082 213.1713
0.083 213.1657
0.084 213.1601
0.085 213.1545
0.086 213.1489
0.087 213.1434
0.088 213.1378
0.089 213.1322
0.090 213.1266
0.091 213.1210
0.092 213.1154
0.093 213.1098
0.094 213.1042
0.095 213.0986
0.096 213.0930
0.097 213.0874
0.098 213.0818
0.099 213.0762
0.100 213.0705
0.101 213.0649
0.102 213.0593
0.103 213.0537
0.104 213.0481
0.105 213.0425
0.106 213.0368
0.107 213.0312
0.108 213.0256
0.109 213.0200
0.110 213.0143
0.111 213.0087
0.112 213.0031
0.113 212.9974
0.114 212.9918
0.115 212.9862
0.116 212.9805
0.117 212.9749
0.118 212.9692
0.119 212.9636
0.120 212.9579
0.121 212.9523
0.122 212.9466
0.123 212.9410
0.124 212.9353
0.125 212.9297
0.126 212.9240
0.127 212.9183
0.128 212.9127
0.129 212.9070
0.130 212.9013
0.131 212.8957
0.132 212.8900
0.133 212.8843
0.134 212.8787
0.135 212.8730
0.136 212.8673
0.137 212.8616
0.138 212.8559
0.139 212.8503
0.140 212.8446
0.141 212.8389
0.142 212.8332
0.143 212.8275
0.144 212.8218
0.145 212.8161
0.146 212.8104
0.147 212.8047
0.148 212.7990
0.149 212.7933
0.150 212.7876
0.151 212.7819
0.152 212.7762
0.153 212.7705
0.154 212.7648
0.155 212.7591
0.156 212.7534
0.157 212.7476
0.158 212.7419
0.159 212.7362
0.160 212.7305
0.161 212.7247
0.162 212.7190
0.163 212.7133
0.164 212.7076
0.165 212.7018
0.166 212.6961
0.167 212.6904
0.168 212.6846
0.169 212.6789
0.170 212.6731
0.171 212.6674
0.172 212.6616
0.173 212.6559
0.174 212.6501
0.175 212.6444
0.176 212.6386
0.177 212.6329
0.178 212.6271
0.179 212.6214
0.180 212.6156
0.181 212.6098
0.182 212.6041
0.183 212.5983
0.184 212.5925
0.185 212.5868
0.186 212.5810
0.187 212.5752
0.188 212.5694
0.189 212.5637
0.190 212.5579
0.191 212.5521
0.192 212.5463
0.193 212.5405
0.194 212.5347
0.195 212.5290
0.196 212.5232
0.197 212.5174
0.198 212.5116
0.199 212.5058
0.200 212.5000
0.201 212.4942
0.202 212.4884
0.203 212.4826
0.204 212.4767
0.205 212.4709
0.206 212.4651
0.207 212.4593
0.208 212.4535
0.209 212.4477
0.210 212.4419
0.211 212.4360
0.212 212.4302
0.213 212.4244
0.214 212.4186
0.215 212.4127
0.216 212.4069
0.217 212.4011
0.218 212.3952
0.219 212.3894
0.220 212.3835
0.221 212.3777
0.222 212.3719
0.223 212.3660
0.224 212.3602
0.225 212.3543
0.226 212.3485
0.227 212.3426
0.228 212.3368
0.229 212.3309
0.230 212.3250
0.231 212.3192
0.232 212.3133
0.233 212.3075
0.234 212.3016
0.235 212.2957
0.236 212.2898
0.237 212.2840
0.238 212.2781
0.239 212.2722
0.240 212.2663
0.241 212.2605
0.242 212.2546
0.243 212.2487
0.244 212.2428
0.245 212.2369
0.246 212.2310
0.247 212.2251
0.248 212.2192
0.249 212.2133
0.250 212.2074
0.251 212.2015
0.252 212.1956
0.253 212.1897
0.254 212.1838
0.255 212.1779
0.256 212.1720
0.257 212.1661
0.258 212.1602
0.259 212.1542
0.260 212.1483
0.261 212.1424
0.262 212.1365
0.263 212.1305
0.264 212.1246
0.265 212.1187
0.266 212.1128
0.267 212.1068
0.268 212.1009
0.269 212.0949
0.270 212.0890
0.271 212.0831
0.272 212.0771
0.273 212.0712
0.274 212.0652
0.275 212.0593
0.276 212.0533
0.277 212.0474
0.278 212.0414
0.279 212.0354
0.280 212.0295
0.281 212.0235
0.282 212.0176
0.283 212.0116
0.284 212.0056
0.285 211.9996
0.286 211.9937
0.287 211.9877
0.288 211.9817
0.289 211.9757
0.290 211.9698
0.291 211.9638
0.292 211.9578
0.293 211.9518
0.294 211.9458
0.295 211.9398
0.296 211.9338
0.297 211.9278
0.298 211.9218
0.299 211.9158
0.300 211.9098
0.301 211.9038
0.302 211.8978
0.303 211.8918
0.304 211.8858
0.305 211.8798
0.306 211.8738
0.307 211.8677
0.308 211.8617
0.309 211.8557
0.310 211.8497
0.311 211.8437
0.312 211.8376
0.313 211.8316
0.314 211.8256
0.315 211.8195
0.316 211.8135
0.317 211.8074
0.318 211.8014
0.319 211.7954
0.320 211.7893
0.321 211.7833
0.322 211.7772
0.323 211.7712
0.324 211.7651
0.325 211.7591
0.326 211.7530
0.327 211.7469
0.328 211.7409
0.329 211.7348
0.330 211.7288
0.331 211.7227
0.332 211.7166
0.333 211.7105
0.334 211.7045
0.335 211.6984
0.336 211.6923
0.337 211.6862
0.338 211.6801
0.339 211.6741
0.340 211.6680
0.341 211.6619
0.342 211.6558
0.343 211.6497
0.344 211.6436
0.345 211.6375
0.346 211.6314
0.347 211.6253
0.348 211.6192
0.349 211.6131
0.350 211.6070
0.351 211.6009
0.352 211.5947
0.353 211.5886
0.354 211.5825
0.355 211.5764
0.356 211.5703
0.357 211.5641
0.358 211.5580
0.359 211.5519
0.360 211.5457
0.361 211.5396
0.362 211.5335
0.363 211.5273
0.364 211.5212
0.365 211.5151
0.366 211.5089
0.367 211.5028
0.368 211.4966
0.369 211.4905
0.370 211.4843
0.371 211.4782
0.372 211.4720
0.373 211.4658
0.374 211.4597
0.375 211.4535
0.376 211.4473
0.377 211.4412
0.378 211.4350
0.379 211.4288
0.380 211.4226
0.381 211.4165
0.382 211.4103
0.383 211.4041
0.384 211.3979
0.385 211.3917
0.386 211.3855
0.387 211.3794
0.388 211.3732
0.389 211.3670
0.390 211.3608
0.391 211.3546
0.392 211.3484
0.393 211.3422
0.394 211.3360
0.395 211.3297
0.396 211.3235
0.397 211.3173
0.398 211.3111
0.399 211.3049
0.400 211.2987
0.401 211.2924
0.402 211.2862
0.403 211.2800
0.404 211.2738
0.405 211.2675
0.406 211.2613
0.407 211.2551
0.408 211.2488
0.409 211.2426
0.410 211.2363
0.411 211.2301
0.412 211.2238
0.413 211.2176
0.414 211.2113
0.415 211.2051
0.416 211.1988
0.417 211.1926
0.418 211.1863
0.419 211.1800
0.420 211.1738
0.421 211.1675
0.422 211.1612
0.423 211.1550
0.424 211.1487
0.425 211.1424
0.426 211.1361
0.427 211.1298
0.428 211.1236
0.429 211.1173
0.430 211.1110
0.431 211.1047
0.432 211.0984
0.433 211.0921
0.434 211.0858
0.435 211.0795
0.436 211.0732
0.437 211.0669
0.438 211.0606
0.439 211.0543
0.440 211.0480
0.441 211.0416
0.442 211.0353
0.443 211.0290
0.444 211.0227
0.445 211.0164
0.446 211.0100
0.447 211.0037
0.448 210.9974
0.449 210.9910
0.450 210.9847
0.451 210.9784
0.452 210.9720
0.453 210.9657
0.454 210.9593
0.455 210.9530
0.456 210.9466
0.457 210.9403
0.458 210.9339
0.459 210.9276
0.460 210.9212
0.461 210.9149
0.462 210.9085
0.463 210.9021
0.464 210.8958
0.465 210.8894
0.466 210.8830
0.467 210.8766
0.468 210.8703
0.469 210.8639
0.470 210.8575
0.471 210.8511
0.472 210.8447
0.473 210.8383
0.474 210.8319
0.475 210.8255
0.476 210.8191
0.477 210.8127
0.478 210.8063
0.479 210.7999
0.480 210.7935
0.481 210.7871
0.482 210.7807
0.483 210.7743
0.484 210.7679
0.485 210.7615
0.486 210.7550
0.487 210.7486
0.488 210.7422
0.489 210.7358
0.490 210.7293
0.491 210.7229
0.492 210.7165
0.493 210.7100
0.494 210.7036
0.495 210.6971
0.496 210.6907
0.497 210.6842
0.498 210.6778
0.499 210.6713
0.500 210.6649
0.501 210.6584
0.502 210.6520
0.503 210.6455
0.504 210.6390
0.505 210.6326
0.506 210.6261
0.507 210.6196
0.508 210.6131
0.509 210.6067
0.510 210.6002
0.511 210.5937
0.512 210.5872
0.513 210.5807
0.514 210.5742
0.515 210.5677
0.516 210.5612
0.517 210.5548
0.518 210.5483
0.519 210.5417
0.520 210.5352
0.521 210.5287
0.522 210.5222
0.523 210.5157
0.524 210.5092
0.525 210.5027
0.526 210.4962
0.527 210.4896
0.528 210.4831
0.529 210.4766
0.530 210.4701
0.531 210.4635
0.532 210.4570
0.533 210.4505
0.534 210.4439
0.535 210.4374
0.536 210.4308
0.537 210.4243
0.538 210.4177
0.539 210.4112
0.540 210.4046
0.541 210.3981
0.542 210.3915
0.543 210.3849
0.544 210.3784
0.545 210.3718
0.546 210.3652
0.547 210.3587
0.548 210.3521
0.549 210.3455
0.550 210.3389
0.551 210.3324
0.552 210.3258
0.553 210.3192
0.554 210.3126
0.555 210.3060
0.556 210.2994
0.557 210.2928
0.558 210.2862
0.559 210.2796
0.560 210.2730
0.561 210.2664
0.562 210.2598
0.563 210.2532
0.564 210.2465
0.565 210.2399
0.566 210.2333
0.567 210.2267
0.568 210.2201
0.569 210.2134
0.570 210.2068
0.571 210.2002
0.572 210.1935
0.573 210.1869
0.574 210.1802
0.575 210.1736
0.576 210.1669
0.577 210.1603
0.578 210.1536
0.579 210.1470
0.580 210.1403
0.581 210.1337
0.582 210.1270
0.583 210.1203
0.584 210.1137
0.585 210.1070
0.586 210.1003
0.587 210.0937
0.588 210.0870
0.589 210.0803
0.590 210.0736
0.591 210.0669
0.592 210.0602
0.593 210.0536
0.594 210.0469
0.595 210.0402
0.596 210.0335
0.597 210.0268
0.598 210.0201
0.599 210.0133
0.600 210.0066
0.601 209.9999
0.602 209.9932
0.603 209.9865
0.604 209.9798
0.605 209.9730
0.606 209.9663
0.607 209.9596
0.608 209.9529
0.609 209.9461
0.610 209.9394
0.611 209.9327
0.612 209.9259
0.613 209.9192
0.614 209.9124
0.615 209.9057
0.616 209.8989
0.617 209.8922
0.618 209.8854
0.619 209.8786
0.620 209.8719
0.621 209.8651
0.622 209.8583
0.623 209.8516
0.624 209.8448
0.625 209.8380
0.626 209.8312
0.627 209.8245
0.628 209.8177
0.629 209.8109
0.630 209.8041
0.631 209.7973
0.632 209.7905
0.633 209.7837
0.634 209.7769
0.635 209.7701
0.636 209.7633
0.637 209.7565
0.638 209.7497
0.639 209.7429
0.640 209.7360
0.641 209.7292
0.642 209.7224
0.643 209.7156
0.644 209.7087
0.645 209.7019
0.646 209.6951
0.647 209.6882
0.648 209.6814
0.649 209.6746
0.650 209.6677
0.651 209.6609
0.652 209.6540
0.653 209.6472
0.654 209.6403
0.655 209.6335
0.656 209.6266
0.657 209.6197
0.658 209.6129
0.659 209.6060
0.660 209.5991
0.661 209.5922
0.662 209.5854
0.663 209.5785
0.664 209.5716
0.665 209.5647
0.666 209.5578
0.667 209.5509
0.668 209.5440
0.669 209.5371
0.670 209.5302
0.671 209.5233
0.672 209.5164
0.673 209.5095
0.674 209.5026
0.675 209.4957
0.676 209.4888
0.677 209.4818
0.678 209.4749
0.679 209.4680
0.680 209.4611
0.681 209.4541
0.682 209.4472
0.683 209.4403
0.684 209.4333
0.685 209.4264
0.686 209.4194
0.687 209.4125
0.688 209.4055
0.689 209.3986
0.690 209.3916
0.691 209.3847
0.692 209.3777
0.693 209.3707
0.694 209.3638
0.695 209.3568
0.696 209.3498
0.697 209.3428
0.698 209.3359
0.699 209.3289
0.700 209.3219
0.701 209.3149
0.702 209.3079
0.703 209.3009
0.704 209.2939
0.705 209.2869
0.706 209.2799
0.707 209.2729
0.708 209.2659
0.709 209.2589
0.710 209.2519
0.711 209.2449
0.712 209.2378
0.713 209.2308
0.714 209.2238
0.715 209.2168
0.716 209.2097
0.717 209.2027
0.718 209.1957
0.719 209.1886
0.720 209.1816
0.721 209.1745
0.722 209.1675
0.723 209.1604
0.724 209.1534
0.725 209.1463
0.726 209.1392
0.727 209.1322
0.728 209.1251
0.729 209.1180
0.730 209.1110
0.731 209.1039
0.732 209.0968
0.733 209.0897
0.734 209.0826
0.735 209.0755
0.736 209.0685
0.737 209.0614
0.738 209.0543
0.739 209.0472
0.740 209.0401
0.741 209.0330
0.742 209.0258
0.743 209.0187
0.744 209.0116
0.745 209.0045
0.746 208.9974
0.747 208.9903
0.748 208.9831
0.749 208.9760
0.750 208.9689
0.751 208.9617
0.752 208.9546
0.753 208.9474
0.754 208.9403
0.755 208.9332
0.756 208.9260
0.757 208.9188
0.758 208.9117
0.759 208.9045
0.760 208.8974
0.761 208.8902
0.762 208.8830
0.763 208.8759
0.764 208.8687
0.765 208.8615
0.766 208.8543
0.767 208.8471
0.768 208.8399
0.769 208.8328
0.770 208.8256
0.771 208.8184
0.772 208.8112
0.773 208.8040
0.774 208.7968
0.775 208.7895
0.776 208.7823
0.777 208.7725
0.778 208.7653
0.779 208.7581
0.780 208.7509
0.781 208.7436
0.782 208.7364
0.783 208.7291
0.784 208.7219
0.785 208.7147
0.786 208.7074
0.787 208.7002
0.788 208.6929
0.789 208.6856
0.790 208.6784
0.791 208.6711
0.792 208.6638
0.793 208.6566
0.794 208.6493
0.795 208.6420
0.796 208.6347
0.797 208.6275
0.798 208.6202
0.799 208.6129
0.800 208.6056
0.801 208.5983
0.802 208.5910
0.803 208.5837
0.804 208.5764
0.805 208.5691
0.806 208.5618
0.807 208.5544
0.808 208.5471
0.809 208.5398
0.810 208.5325
0.811 208.5252
0.812 208.5178
0.813 208.5105
0.814 208.5032
0.815 208.4958
0.816 208.4885
0.817 208.4811
0.818 208.4738
0.819 208.4664
0.820 208.4591
0.821 208.4517
0.822 208.4443
0.823 208.4370
0.824 208.4296
0.825 208.4222
0.826 208.4148
0.827 208.4075
0.828 208.4001
0.829 208.3927
0.830 208.3853
0.831 208.3779
0.832 208.3705
0.833 208.3631
0.834 208.3557
0.835 208.3483
0.836 208.3409
0.837 208.3335
0.838 208.3261
0.839 208.3187
0.840 208.3112
0.841 208.3038
0.842 208.2964
0.843 208.2890
0.844 208.2815
0.845 208.2741
0.846 208.2666
0.847 208.2592
0.848 208.2517
0.849 208.2443
0.850 208.2368
0.851 208.2294
0.852 208.2219
0.853 208.2145
0.854 208.2070
0.855 208.1995
0.856 208.1920
0.857 208.1846
0.858 208.1771
0.859 208.1696
0.860 208.1621
0.861 208.1546
0.862 208.1471
0.863 208.1396
0.864 208.1321
0.865 208.1246
0.866 208.1171
0.867 208.1096
0.868 208.1021
0.869 208.0946
0.870 208.0870
0.871 208.0795
0.872 208.0720
0.873 208.0645
0.874 208.0569
0.875 208.0494
0.876 208.0418
0.877 208.0343
0.878 208.0267
0.879 208.0192
0.880 208.0116
0.881 208.0041
0.882 207.9965
0.883 207.9889
0.884 207.9814
0.885 207.9738
0.886 207.9662
0.887 207.9587
0.888 207.9511
0.889 207.9435
0.890 207.9359
0.891 207.9283
0.892 207.9207
0.893 207.9131
0.894 207.9055
0.895 207.8979
0.896 207.8903
0.897 207.8827
0.898 207.8750
0.899 207.8674
0.900 207.8598
0.901 207.8522
0.902 207.8445
0.903 207.8369
0.904 207.8293
0.905 207.8216
0.906 207.8140
0.907 207.8063
0.908 207.7987
0.909 207.7910
0.910 207.7834
0.911 207.7757
0.912 207.7680
0.913 207.7604
0.914 207.7527
0.915 207.7450
0.916 207.7373
0.917 207.7297
0.918 207.7220
0.919 207.7143
0.920 207.7066
0.921 207.6989
0.922 207.6912
0.923 207.6835
0.924 207.6758
0.925 207.6681
0.926 207.6603
0.927 207.6526
0.928 207.6449
0.929 207.6372
0.930 207.6294
0.931 207.6217
0.932 207.6140
0.933 207.6062
0.934 207.5985
0.935 207.5907
0.936 207.5830
0.937 207.5752
0.938 207.5675
0.939 207.5597
0.940 207.5519
0.941 207.5442
0.942 207.5364
0.943 207.5286
0.944 207.5208
0.945 207.5130
0.946 207.5053
0.947 207.4975
0.948 207.4897
0.949 207.4819
0.950 207.4741
0.951 207.4663
0.952 207.4585
0.953 207.4506
0.954 207.4428
0.955 207.4350
0.956 207.4272
0.957 207.4194
0.958 207.4115
0.959 207.4037
0.960 207.3958
0.961 207.3880
0.962 207.3802
0.963 207.3723
0.964 207.3645
0.965 207.3566
0.966 207.3487
0.967 207.3409
0.968 207.3330
0.969 207.3251
0.970 207.3173
0.971 207.3094
0.972 207.3015
0.973 207.2936
0.974 207.2857
0.975 207.2778
0.976 207.2699
0.977 207.2620
0.978 207.2541
0.979 207.2462
0.980 207.2383
0.981 207.2304
0.982 207.2224
0.983 207.2145
0.984 207.2066
0.985 207.1987
0.986 207.1907
0.987 207.1828
0.988 207.1748
0.989 207.1669
0.990 207.1589
0.991 207.1510
0.992 207.1430
0.993 207.1351
0.994 207.1271
0.995 207.1191
0.996 207.1111
0.997 207.1032
0.998 207.0952
0.999 207.0872
1.000 207.0792
1.001 207.0712
1.002 207.0632
1.003 207.0552
1.004 207.0472
1.005 207.0392
1.006 207.0312
1.007 207.0232
1.008 207.0152
1.009 207.0071
1.010 206.9991
1.011 206.9911
1.012 206.9830
1.013 206.9750
1.014 206.9670
1.015 206.9589
1.016 206.9509
1.017 206.9428
1.018 206.9347
1.019 206.9267
1.020 206.9186
1.021 206.9105
1.022 206.9025
1.023 206.8944
1.024 206.8863
1.025 206.8782
1.026 206.8701
1.027 206.8620
1.028 206.8539
1.029 206.8458
1.030 206.8377
1.031 206.8296
1.032 206.8215
1.033 206.8134
1.034 206.8053
1.035 206.7971
1.036 206.7890
1.037 206.7809
1.038 206.7727
1.039 206.7646
1.040 206.7564
1.041 206.7483
1.042 206.7401
1.043 206.7320
1.044 206.7238
1.045 206.7156
1.046 206.7075
1.047 206.6993
1.048 206.6911
1.049 206.6829
1.050 206.6747
1.051 206.6666
1.052 206.6584
1.053 206.6502
1.054 206.6420
1.055 206.6338
1.056 206.6255
1.057 206.6173
1.058 206.6091
1.059 206.6009
1.060 206.5927
1.061 206.5844
1.062 206.5762
1.063 206.5679
1.064 206.5597
1.065 206.5515
1.066 206.5432
1.067 206.5349
1.068 206.5267
1.069 206.5184
1.070 206.5102
1.071 206.5019
1.072 206.4936
1.073 206.4853
1.074 206.4770
1.075 206.4688
1.076 206.4605
1.077 206.4522
1.078 206.4439
1.079 206.4356
1.080 206.4272
1.081 206.4189
1.082 206.4106
1.083 206.4023
1.084 206.3940
1.085 206.3856
1.086 206.3773
1.087 206.3690
1.088 206.3606
1.089 206.3523
1.090 206.3439
1.091 206.3356
1.092 206.3272
1.093 206.3188
1.094 206.3105
1.095 206.3021
1.096 206.2937
1.097 206.2853
1.098 206.2769
1.099 206.2686
1.100 206.2602
1.101 206.2518
1.102 206.2434
1.103 206.2349
1.104 206.2265
1.105 206.2181
1.106 206.2097
1.107 206.2013
1.108 206.1928
1.109 206.1844
1.110 206.1760
1.111 206.1675
1.112 206.1591
1.113 206.1506
1.114 206.1422
1.115 206.1337
1.116 206.1253
1.117 206.1168
1.118 206.1083
1.119 206.0998
1.120 206.0914
1.121 206.0829
1.122 206.0744
1.123 206.0659
1.124 206.0574
1.125 206.0489
1.126 206.0404
1.127 206.0319
1.128 206.0234
1.129 206.0148
1.130 206.0063
1.131 205.9978
1.132 205.9893
1.133 205.9807
1.134 205.9722
1.135 205.9636
1.136 205.9551
1.137 205.9465
1.138 205.9380
1.139 205.9294
1.140 205.9208
1.141 205.9123
1.142 205.9037
1.143 205.8951
1.144 205.8865
1.145 205.8779
1.146 205.8693
1.147 205.8607
1.148 205.8521
1.149 205.8435
1.150 205.8349
1.151 205.8263
1.152 205.8176
1.153 205.8090
1.154 205.8004
1.155 205.7918
1.156 205.7831
1.157 205.7745
1.158 205.7658
1.159 205.7572
1.160 205.7485
1.161 205.7398
1.162 205.7312
1.163 205.7225
1.164 205.7138
1.165 205.7051
1.166 205.6964
1.167 205.6878
1.168 205.6791
1.169 205.6704
1.170 205.6617
1.171 205.6529
1.172 205.6442
1.173 205.6355
1.174 205.6268
1.175 205.6181
1.176 205.6093
1.177 205.6006
1.178 205.5918
1.179 205.5831
1.180 205.5743
1.181 205.5656
1.182 205.5568
1.183 205.5481
1.184 205.5393
1.185 205.5305
1.186 205.5217
1.187 205.5130
1.188 205.5042
1.189 205.4954
1.190 205.4866
1.191 205.4778
1.192 205.4690
1.193 205.4601
1.194 205.4513
1.195 205.4425
1.196 205.4337
1.197 205.4249
1.198 205.4160
1.199 205.4072
1.200 205.3983
1.201 205.3895
1.202 205.3806
1.203 205.3718
1.204 205.3629
1.205 205.3540
1.206 205.3451
1.207 205.3363
1.208 205.3274
1.209 205.3185
1.210 205.3096
1.211 205.3007
1.212 205.2918
1.213 205.2829
1.214 205.2740
1.215 205.2651
1.216 205.2561
1.217 205.2472
1.218 205.2383
1.219 205.2293
1.220 205.2204
1.221 205.2114
1.222 205.2025
1.223 205.1935
1.224 205.1846
1.225 205.1756
1.226 205.1666
1.227 205.1577
1.228 205.1487
1.229 205.1397
1.230 205.1307
1.231 205.1217
1.232 205.1127
1.233 205.1037
1.234 205.0947
1.235 205.0857
1.236 205.0766
1.237 205.0676
1.238 205.0586
1.239 205.0495
1.240 205.0405
1.241 205.0315
1.242 205.0224
1.243 205.0133
1.244 205.0043
1.245 204.9952
1.246 204.9861
1.247 204.9771
1.248 204.9680
1.249 204.9589
1.250 204.9498
1.251 204.9407
1.252 204.9316
1.253 204.9225
1.254 204.9134
1.255 204.9043
1.256 204.8951
1.257 204.8860
1.258 204.8769
1.259 204.8677
1.260 204.8586
1.261 204.8495
1.262 204.8403
1.263 204.8311
1.264 204.8220
1.265 204.8128
1.266 204.8036
1.267 204.7945
1.268 204.7853
1.269 204.7761
1.270 204.7669
1.271 204.7577
1.272 204.7485
1.273 204.7393
1.274 204.7301
1.275 204.7208
1.276 204.7116
1.277 204.7024
1.278 204.6931
1.279 204.6839
1.280 204.6746
1.281 204.6654
1.282 204.6561
1.283 204.6469
1.284 204.6376
1.285 204.6283
1.286 204.6191
1.287 204.6098
1.288 204.6005
1.289 204.5912
1.290 204.5819
1.291 204.5726
1.292 204.5633
1.293 204.5539
1.294 204.5446
1.295 204.5353
1.296 204.5260
1.297 204.5166
1.298 204.5073
1.299 204.4979
1.300 204.4886
1.301 204.4792
1.302 204.4699
1.303 204.4605
1.304 204.4511
1.305 204.4417
1.306 204.4323
1.307 204.4230
1.308 204.4136
1.309 204.4042
1.310 204.3947
1.311 204.3853
1.312 204.3759
1.313 204.3665
1.314 204.3571
1.315 204.3476
1.316 204.3382
1.317 204.3287
1.318 204.3193
1.319 204.3098
1.320 204.3004
1.321 204.2909
1.322 204.2814
1.323 204.2719
1.324 204.2625
1.325 204.2530
1.326 204.2435
1.327 204.2340
1.328 204.2245
1.329 204.2149
1.330 204.2054
1.331 204.1959
1.332 204.1864
1.333 204.1768
1.334 204.1673
1.335 204.1577
1.336 204.1482
1.337 204.1386
1.338 204.1291
1.339 204.1195
1.340 204.1099
1.341 204.1003
1.342 204.0908
1.343 204.0812
1.344 204.0716
1.345 204.0620
1.346 204.0524
1.347 204.0427
1.348 204.0331
1.349 204.0235
1.350 204.0139
1.351 204.0042
1.352 203.9946
1.353 203.9849
1.354 203.9753
1.355 203.9656
1.356 203.9559
1.357 203.9463
1.358 203.9366
1.359 203.9269
1.360 203.9172
1.361 203.9075
1.362 203.8978
1.363 203.8881
1.364 203.8784
1.365 203.8687
1.366 203.8590
1.367 203.8492
1.368 203.8395
1.369 203.8297
1.370 203.8200
1.371 203.8102
1.372 203.8005
1.373 203.7907
1.374 203.7809
1.375 203.7712
1.376 203.7614
1.377 203.7516
1.378 203.7418
1.379 203.7320
1.380 203.7222
1.381 203.7124
1.382 203.7025
1.383 203.6927
1.384 203.6829
1.385 203.6730
1.386 203.6632
1.387 203.6534
1.388 203.6435
1.389 203.6336
1.390 203.6238
1.391 203.6139
1.392 203.6040
1.393 203.5941
1.394 203.5842
1.395 203.5743
1.396 203.5644
1.397 203.5545
1.398 203.5446
1.399 203.5347
1.400 203.5247
1.401 203.5148
1.402 203.5049
1.403 203.4949
1.404 203.4850
1.405 203.4750
1.406 203.4650
1.407 203.4551
1.408 203.4451
1.409 203.4351
1.410 203.4251
1.411 203.4151
1.412 203.4051
1.413 203.3951
1.414 203.3851
1.415 203.3751
1.416 203.3650
1.417 203.3550
1.418 203.3449
1.419 203.3349
1.420 203.3248
1.421 203.3148
1.422 203.3047
1.423 203.2946
1.424 203.2846
1.425 203.2745
1.426 203.2644
1.427 203.2543
1.428 203.2442
1.429 203.2341
1.430 203.2240
1.431 203.2138
1.432 203.2037
1.433 203.1936
1.434 203.1834
1.435 203.1733
1.436 203.1631
1.437 203.1529
1.438 203.1428
1.439 203.1326
1.440 203.1224
1.441 203.1122
1.442 203.1020
1.443 203.0918
1.444 203.0816
1.445 203.0714
1.446 203.0612
1.447 203.0510
1.448 203.0407
1.449 203.0305
1.450 203.0202
1.451 203.0100
1.452 202.9997
1.453 202.9895
1.454 202.9792
1.455 202.9689
1.456 202.9586
1.457 202.9483
1.458 202.9380
1.459 202.9277
1.460 202.9174
1.461 202.9071
1.462 202.8967
1.463 202.8864
1.464 202.8761
1.465 202.8657
1.466 202.8554
1.467 202.8450
1.468 202.8346
1.469 202.8243
1.470 202.8139
1.471 202.8035
1.472 202.7931
1.473 202.7827
1.474 202.7723
1.475 202.7619
1.476 202.7514
1.477 202.7410
1.478 202.7306
1.479 202.7201
1.480 202.7097
1.481 202.6992
1.482 202.6888
1.483 202.6783
1.484 202.6678
1.485 202.6573
1.486 202.6468
1.487 202.6363
1.488 202.6258
1.489 202.6153
1.490 202.6048
1.491 202.5943
1.492 202.5837
1.493 202.5732
1.494 202.5627
1.495 202.5521
1.496 202.5415
1.497 202.5310
1.498 202.5204
1.499 202.5098
1.500 202.4992
1.501 202.4886
1.502 202.4780
1.503 202.4663
1.504 202.4557
1.505 202.4451
1.506 202.4344
1.507 202.4238
1.508 202.4131
1.509 202.4025
1.510 202.3918
1.511 202.3811
1.512 202.3704
1.513 202.3597
1.514 202.3490
1.515 202.3383
1.516 202.3276
1.517 202.3169
1.518 202.3062
1.519 202.2955
1.520 202.2847
1.521 202.2740
1.522 202.2632
1.523 202.2524
1.524 202.2417
1.525 202.2309
1.526 202.2201
1.527 202.2093
1.528 202.1985
1.529 202.1877
1.530 202.1769
1.531 202.1661
1.532 202.1552
1.533 202.1444
1.534 202.1336
1.535 202.1227
1.536 202.1119
1.537 202.1010
1.538 202.0901
1.539 202.0792
1.540 202.0683
1.541 202.0574
1.542 202.0465
1.543 202.0356
1.544 202.0247
1.545 202.0138
1.546 202.0028
1.547 201.9919
1.548 201.9809
1.549 201.9700
1.550 201.9590
1.551 201.9481
1.552 201.9371
1.553 201.9261
1.554 201.9151
1.555 201.9041
1.556 201.8931
1.557 201.8820
1.558 201.8710
1.559 201.8600
1.560 201.8489
1.561 201.8379
1.562 201.8268
1.563 201.8158
1.564 201.8047
1.565 201.7936
1.566 201.7825
1.567 201.7714
1.568 201.7603
1.569 201.7492
1.570 201.7381
1.571 201.7269
1.572 201.7158
1.573 201.7047
1.574 201.6935
1.575 201.6823
1.576 201.6712
1.577 201.6600
1.578 201.6488
1.579 201.6376
1.580 201.6264
1.581 201.6152
1.582 201.6040
1.583 201.5928
1.584 201.5815
1.585 201.5703
1.586 201.5590
1.587 201.5478
1.588 201.5365
1.589 201.5252
1.590 201.5139
1.591 201.5026
1.592 201.4913
1.593 201.4800
1.594 201.4687
1.595 201.4574
1.596 201.4461
1.597 201.4347
1.598 201.4234
1.599 201.4120
1.600 201.4006
1.601 201.3893
1.602 201.3779
1.603 201.3665
1.604 201.3551
1.605 201.3437
1.606 201.3323
1.607 201.3208
1.608 201.3094
1.609 201.2980
1.610 201.2865
1.611 201.2751
1.612 201.2636
1.613 201.2521
1.614 201.2406
1.615 201.2291
1.616 201.2176
1.617 201.2061
1.618 201.1946
1.619 201.1831
1.620 201.1715
1.621 201.1600
1.622 201.1484
1.623 201.1369
1.624 201.1253
1.625 201.1137
1.626 201.1021
1.627 201.0905
1.628 201.0789
1.629 201.0673
1.630 201.0557
1.631 201.0441
1.632 201.0324
1.633 201.0208
1.634 201.0091
1.635 200.9975
1.636 200.9858
1.637 200.9741
1.638 200.9624
1.639 200.9507
1.640 200.9390
1.641 200.9273
1.642 200.9155
1.643 200.9038
1.644 200.8920
1.645 200.8803
1.646 200.8685
1.647 200.8568
1.648 200.8450
1.649 200.8332
1.650 200.8214
1.651 200.8096
1.652 200.7977
1.653 200.7859
1.654 200.7741
1.655 200.7622
1.656 200.7504
1.657 200.7385
1.658 200.7266
1.659 200.7147
1.660 200.7029
1.661 200.6910
1.662 200.6790
1.663 200.6671
1.664 200.6552
1.665 200.6432
1.666 200.6313
1.667 200.6193
1.668 200.6074
1.669 200.5954
1.670 200.5834
1.671 200.5714
1.672 200.5594
1.673 200.5474
1.674 200.5354
1.675 200.5233
1.676 200.5113
1.677 200.4992
1.678 200.4872
1.679 200.4751
1.680 200.4630
1.681 200.4509
1.682 200.4388
1.683 200.4267
1.684 200.4146
1.685 200.4025
1.686 200.3903
1.687 200.3782
1.688 200.3660
1.689 200.3538
1.690 200.3417
1.691 200.3295
1.692 200.3173
1.693 200.3051
1.694 200.2929
1.695 200.2806
1.696 200.2684
1.697 200.2561
1.698 200.2439
1.699 200.2316
1.700 200.2193
1.701 200.2071
1.702 200.1948
1.703 200.1825
1.704 200.1701
1.705 200.1578
1.706 200.1455
1.707 200.1331
1.708 200.1208
1.709 200.1084
1.710 200.0960
1.711 200.0836
1.712 200.0712
1.713 200.0588
1.714 200.0464
1.715 200.0340
1.716 200.0215
1.717 200.0091
1.718 199.9966
1.719 199.9842
1.720 199.9717
1.721 199.9592
1.722 199.9467
1.723 199.9342
1.724 199.9217
1.725 199.9091
1.726 199.8966
1.727 199.8840
1.728 199.8715
1.729 199.8589
1.730 199.8463
1.731 199.8337
1.732 199.8211
1.733 199.8085
1.734 199.7959
1.735 199.7832
1.736 199.7706
1.737 199.7579
1.738 199.7453
1.739 199.7326
1.740 199.7199
1.741 199.7072
1.742 199.6945
1.743 199.6818
1.744 199.6690
1.745 199.6563
1.746 199.6435
1.747 199.6308
1.748 199.6180
1.749 199.6052
1.750 199.5924
1.751 199.5796
1.752 199.5668
1.753 199.5539
1.754 199.5411
1.755 199.5282
1.756 199.5154
1.757 199.5025
1.758 199.4896
1.759 199.4767
1.760 199.4638
1.761 199.4509
1.762 199.4379
1.763 199.4250
1.764 199.4120
1.765 199.3991
1.766 199.3861
1.767 199.3731
1.768 199.3601
1.769 199.3471
1.770 199.3341
1.771 199.3211
1.772 199.3080
1.773 199.2950
1.774 199.2819
1.775 199.2688
1.776 199.2557
1.777 199.2426
1.778 199.2295
1.779 199.2164
1.780 199.2032
1.781 199.1901
1.782 199.1769
1.783 199.1638
1.784 199.1506
1.785 199.1374
1.786 199.1242
1.787 199.1109
1.788 199.0977
1.789 199.0845
1.790 199.0712
1.791 199.0579
1.792 199.0447
1.793 199.0314
1.794 199.0181
1.795 199.0048
1.796 198.9914
1.797 198.9781
1.798 198.9647
1.799 198.9514
1.800 198.9380
1.801 198.9246
1.802 198.9112
1.803 198.8978
1.804 198.8844
1.805 198.8710
1.806 198.8575
1.807 198.8440
1.808 198.8306
1.809 198.8171
1.810 198.8036
1.811 198.7901
1.812 198.7766
1.813 198.7630
1.814 198.7495
1.815 198.7359
1.816 198.7223
1.817 198.7088
1.818 198.6952
1.819 198.6816
1.820 198.6679
1.821 198.6543
1.822 198.6406
1.823 198.6270
1.824 198.6133
1.825 198.5996
1.826 198.5859
1.827 198.5722
1.828 198.5585
1.829 198.5448
1.830 198.5310
1.831 198.5172
1.832 198.5035
1.833 198.4897
1.834 198.4759
1.835 198.4621
1.836 198.4482
1.837 198.4344
1.838 198.4205
1.839 198.4067
1.840 198.3928
1.841 198.3789
1.842 198.3650
1.843 198.3511
1.844 198.3371
1.845 198.3232
1.846 198.3092
1.847 198.2952
1.848 198.2812
1.849 198.2672
1.850 198.2532
1.851 198.2392
1.852 198.2252
1.853 198.2111
1.854 198.1970
1.855 198.1830
1.856 198.1689
1.857 198.1547
1.858 198.1406
1.859 198.1265
1.860 198.1123
1.861 198.0982
1.862 198.0840
1.863 198.0698
1.864 198.0556
1.865 198.0414
1.866 198.0271
1.867 198.0129
1.868 197.9986
1.869 197.9843
1.870 197.9700
1.871 197.9557
1.872 197.9414
1.873 197.9271
1.874 197.9127
1.875 197.8984
1.876 197.8840
1.877 197.8696
1.878 197.8552
1.879 197.8408
1.880 197.8263
1.881 197.8119
1.882 197.7974
1.883 197.7829
1.884 197.7684
1.885 197.7539
1.886 197.7394
1.887 197.7249
1.888 197.7103
1.889 197.6958
1.890 197.6812
1.891 197.6666
1.892 197.6520
1.893 197.6373
1.894 197.6227
1.895 197.6080
1.896 197.5934
1.897 197.5787
1.898 197.5640
1.899 197.5493
1.900 197.5345
1.901 197.5198
1.902 197.5050
1.903 197.4902
1.904 197.4754
1.905 197.4606
1.906 197.4458
1.907 197.4310
1.908 197.4161
1.909 197.4012
1.910 197.3864
1.911 197.3715
1.912 197.3565
1.913 197.3416
1.914 197.3267
1.915 197.3117
1.916 197.2967
1.917 197.2817
1.918 197.2667
1.919 197.2517
1.920 197.2366
1.921 197.2216
1.922 197.2065
1.923 197.1914
1.924 197.1763
1.925 197.1612
1.926 197.1460
1.927 197.1309
1.928 197.1157
1.929 197.1005
1.930 197.0853
1.931 197.0701
1.932 197.0548
1.933 197.0396
1.934 197.0243
1.935 197.0090
1.936 196.9937
1.937 196.9784
1.938 196.9630
1.939 196.9477
1.940 196.9323
1.941 196.9169
1.942 196.9015
1.943 196.8861
1.944 196.8706
1.945 196.8552
1.946 196.8397
1.947 196.8242
1.948 196.8087
1.949 196.7932
1.950 196.7776
1.951 196.7621
1.952 196.7465
1.953 196.7309
1.954 196.7153
1.955 196.6997
1.956 196.6840
1.957 196.6683
1.958 196.6527
1.959 196.6370
1.960 196.6212
1.961 196.6055
1.962 196.5897
1.963 196.5740
1.964 196.5582
1.965 196.5424
1.966 196.5265
1.967 196.5107
1.968 196.4948
1.969 196.4790
1.970 196.4631
1.971 196.4471
1.972 196.4312
1.973 196.4153
1.974 196.3993
1.975 196.3833
1.976 196.3673
1.977 196.3513
1.978 196.3352
1.979 196.3191
1.980 196.3031
1.981 196.2870
1.982 196.2708
1.983 196.2547
1.984 196.2385
1.985 196.2224
1.986 196.2062
1.987 196.1899
1.988 196.1737
1.989 196.1574
1.990 196.1412
1.991 196.1249
1.992 196.1086
1.993 196.0922
1.994 196.0759
1.995 196.0595
1.996 196.0431
1.997 196.0267
1.998 196.0103
1.999 195.9938
2.000 195.9774
2.001 195.9609
2.002 195.9444
2.003 195.9278
2.004 195.9113
2.005 195.8947
2.006 195.8781
2.007 195.8615
2.008 195.8449
2.009 195.8282
2.010 195.8115
2.011 195.7948
2.012 195.7781
2.013 195.7614
2.014 195.7446
2.015 195.7279
2.016 195.7111
2.017 195.6943
2.018 195.6774
2.019 195.6606
2.020 195.6437
2.021 195.6268
2.022 195.6099
2.023 195.5929
2.024 195.5760
2.025 195.5590
2.026 195.5420
2.027 195.5249
2.028 195.5079
2.029 195.4908
2.030 195.4737
2.031 195.4566
2.032 195.4395
2.033 195.4223
2.034 195.4051
2.035 195.3879
2.036 195.3707
2.037 195.3534
2.038 195.3362
2.039 195.3189
2.040 195.3016
2.041 195.2842
2.042 195.2669
2.043 195.2495
2.044 195.2321
2.045 195.2147
2.046 195.1972
2.047 195.1797
2.048 195.1622
2.049 195.1447
2.050 195.1272
2.051 195.1096
2.052 195.0920
2.053 195.0744
2.054 195.0568
2.055 195.0391
2.056 195.0214
2.057 195.0037
2.058 194.9860
2.059 194.9682
2.060 194.9505
2.061 194.9327
2.062 194.9148
2.063 194.8970
2.064 194.8791
2.065 194.8612
2.066 194.8433
2.067 194.8253
2.068 194.8074
2.069 194.7894
2.070 194.7714
2.071 194.7533
2.072 194.7352
2.073 194.7171
2.074 194.6990
2.075 194.6809
2.076 194.6627
2.077 194.6445
2.078 194.6263
2.079 194.6081
2.080 194.5898
2.081 194.5715
2.082 194.5532
2.083 194.5348
2.084 194.5164
2.085 194.4980
2.086 194.4796
2.087 194.4612
2.088 194.4427
2.089 194.4242
2.090 194.4056
2.091 194.3871
2.092 194.3685
2.093 194.3499
2.094 194.3312
2.095 194.3126
2.096 194.2939
2.097 194.2752
2.098 194.2564
2.099 194.2377
2.100 194.2189
2.101 194.2000
2.102 194.1812
2.103 194.1623
2.104 194.1434
2.105 194.1244
2.106 194.1055
2.107 194.0865
2.108 194.0675
2.109 194.0484
2.110 194.0293
2.111 194.0102
2.112 193.9911
2.113 193.9719
2.114 193.9527
2.115 193.9335
2.116 193.9142
2.117 193.8950
2.118 193.8757
2.119 193.8563
2.120 193.8370
2.121 193.8176
2.122 193.7981
2.123 193.7787
2.124 193.7592
2.125 193.7397
2.126 193.7201
2.127 193.7005
2.128 193.6809
2.129 193.6613
2.130 193.6416
2.131 193.6219
2.132 193.6022
2.133 193.5824
2.134 193.5626
2.135 193.5428
2.136 193.5230
2.137 193.5031
2.138 193.4832
2.139 193.4632
2.140 193.4432
2.141 193.4232
2.142 193.4032
2.143 193.3831
2.144 193.3630
2.145 193.3429
2.146 193.3227
2.147 193.3025
2.148 193.2823
2.149 193.2620
2.150 193.2417
2.151 193.2213
2.152 193.2010
2.153 193.1806
2.154 193.1601
2.155 193.1397
2.156 193.1192
2.157 193.0986
2.158 193.0780
2.159 193.0574
2.160 193.0368
2.161 193.0161
2.162 192.9954
2.163 192.9747
2.164 192.9539
2.165 192.9331
2.166 192.9122
2.167 192.8913
2.168 192.8704
2.169 192.8495
2.170 192.8285
2.171 192.8075
2.172 192.7864
2.173 192.7653
2.174 192.7442
2.175 192.7230
2.176 192.7018
2.177 192.6805
2.178 192.6592
2.179 192.6379
2.180 192.6166
2.181 192.5952
2.182 192.5737
2.183 192.5523
2.184 192.5308
2.185 192.5092
2.186 192.4876
2.187 192.4660
2.188 192.4443
2.189 192.4215
2.190 192.3998
2.191 192.3780
2.192 192.3561
2.193 192.3343
2.194 192.3124
2.195 192.2904
2.196 192.2684
2.197 192.2464
2.198 192.2243
2.199 192.2022
2.200 192.1800
2.201 192.1578
2.202 192.1356
2.203 192.1133
2.204 192.0910
2.205 192.0686
2.206 192.0462
2.207 192.0237
2.208 192.0012
2.209 191.9787
2.210 191.9561
2.211 191.9335
2.212 191.9108
2.213 191.8881
2.214 191.8654
2.215 191.8426
2.216 191.8197
2.217 191.7969
2.218 191.7739
2.219 191.7509
2.220 191.7279
2.221 191.7049
2.222 191.6817
2.223 191.6586
2.224 191.6354
2.225 191.6121
2.226 191.5888
2.227 191.5655
2.228 191.5421
2.229 191.5187
2.230 191.4952
2.231 191.4717
2.232 191.4481
2.233 191.4245
2.234 191.4008
2.235 191.3770
2.236 191.3533
2.237 191.3295
2.238 191.3056
2.239 191.2817
2.240 191.2577
2.241 191.2337
2.242 191.2096
2.243 191.1855
2.244 191.1613
2.245 191.1371
2.246 191.1128
2.247 191.0885
2.248 191.0641
2.249 191.0397
2.250 191.0152
2.251 190.9906
2.252 190.9660
2.253 190.9414
2.254 190.9167
2.255 190.8920
2.256 190.8672
2.257 190.8423
2.258 190.8174
2.259 190.7924
2.260 190.7674
2.261 190.7423
2.262 190.7172
2.263 190.6920
2.264 190.6667
2.265 190.6414
2.266 190.6160
2.267 190.5906
2.268 190.5651
2.269 190.5396
2.270 190.5140
2.271 190.4884
2.272 190.4626
2.273 190.4369
2.274 190.4110
2.275 190.3851
2.276 190.3592
2.277 190.3332
2.278 190.3071
2.279 190.2809
2.280 190.2547
2.281 190.2285
2.282 190.2021
2.283 190.1758
2.284 190.1493
2.285 190.1228
2.286 190.0962
2.287 190.0696
2.288 190.0428
2.289 190.0161
2.290 189.9892
2.291 189.9623
2.292 189.9353
2.293 189.9083
2.294 189.8812
2.295 189.8540
2.296 189.8267
2.297 189.7994
2.298 189.7720
2.299 189.7446
2.300 189.7171
2.301 189.6895
2.302 189.6618
2.303 189.6341
2.304 189.6062
2.305 189.5784
2.306 189.5504
2.307 189.5224
2.308 189.4943
2.309 189.4661
2.310 189.4378
2.311 189.4095
2.312 189.3811
2.313 189.3526
2.314 189.3241
2.315 189.2954
2.316 189.2667
2.317 189.2379
2.318 189.2091
2.319 189.1801
2.320 189.1511
2.321 189.1220
2.322 189.0928
2.323 189.0635
2.324 189.0342
2.325 189.0047
2.326 188.9752
2.327 188.9456
2.328 188.9159
2.329 188.8861
2.330 188.8563
2.331 188.8263
2.332 188.7963
2.333 188.7662
2.334 188.7360
2.335 188.7057
2.336 188.6753
2.337 188.6448
2.338 188.6142
2.339 188.5836
2.340 188.5528
2.341 188.5220
2.342 188.4910
2.343 188.4600
2.344 188.4289
2.345 188.3976
2.346 188.3663
2.347 188.3349
2.348 188.3034
2.349 188.2718
2.350 188.2401
2.351 188.2083
2.352 188.1764
2.353 188.1443
2.354 188.1122
2.355 188.0800
2.356 188.0477
2.357 188.0152
2.358 187.9827
2.359 187.9501
2.360 187.9173
2.361 187.8845
2.362 187.8515
2.363 187.8184
2.364 187.7852
2.365 187.7519
2.366 187.7185
2.367 187.6850
2.368 187.6514
2.369 187.6176
2.370 187.5837
2.371 187.5497
2.372 187.5156
2.373 187.4814
2.374 187.4471
2.375 187.4126
2.376 187.3780
2.377 187.3433
2.378 187.3084
2.379 187.2735
2.380 187.2384
2.381 187.2032
2.382 187.1678
2.383 187.1323
2.384 187.0967
2.385 187.0610
2.386 187.0251
2.387 186.9891
2.388 186.9529
2.389 186.9166
2.390 186.8802
2.391 186.8436
2.392 186.8069
2.393 186.7701
2.394 186.7331
2.395 186.6959
2.396 186.6586
2.397 186.6212
2.398 186.5836
2.399 186.5459
2.400 186.5080
2.401 186.4699
2.402 186.4317
2.403 186.3934
2.404 186.3548
2.405 186.3162
2.406 186.2773
2.407 186.2383
2.408 186.1991
2.409 186.1598
2.410 186.1203
2.411 186.0806
2.412 186.0408
2.413 186.0007
2.414 185.9605
2.415 185.9202
2.416 185.8796
2.417 185.8389
2.418 185.7980
2.419 185.7568
2.420 185.7156
2.421 185.6741
2.422 185.6324
2.423 185.5905
2.424 185.5485
2.425 185.5062
2.426 185.4637
2.427 185.4211
2.428 185.3782
2.429 185.3351
2.430 185.2919
2.431 185.2484
2.432 185.2047
2.433 185.1607
2.434 185.1166
2.435 185.0722
2.436 185.0276
2.437 184.9828
2.438 184.9378
2.439 184.8925
2.440 184.8470
2.441 184.8012
2.442 184.7552
2.443 184.7090
2.444 184.6614
2.445 184.6146
2.446 184.5676
2.447 184.5203
2.448 184.4728
2.449 184.4249
2.450 184.3768
2.451 184.3285
2.452 184.2798
2.453 184.2309
2.454 184.1817
2.455 184.1322
2.456 184.0825
2.457 184.0324
2.458 183.9820
2.459 183.9313
2.460 183.8803
2.461 183.8290
2.462 183.7774
2.463 183.7255
2.464 183.6732
2.465 183.6206
2.466 183.5677
2.467 183.5144
2.468 183.4608
2.469 183.4069
2.470 183.3525
2.471 183.2979
2.472 183.2428
2.473 183.1874
2.474 183.1316
2.475 183.0754
2.476 183.0188
2.477 182.9619
2.478 182.9045
2.479 182.8467
2.480 182.7885
2.481 182.7299
2.482 182.6709
2.483 182.6114
2.484 182.5514
2.485 182.4910
2.486 182.4302
2.487 182.3689
2.488 182.3071
2.489 182.2448
2.490 182.1820
2.491 182.1188
2.492 182.0550
2.493 181.9907
2.494 181.9258
2.495 181.8605
2.496 181.7945
2.497 181.7280
2.498 181.6610
2.499 181.5933
2.500 181.5251
2.501 181.4563
2.502 181.3868
2.503 181.3167
2.504 181.2460
2.505 181.1746
2.506 181.1025
2.507 181.0298
2.508 180.9563
2.509 180.8822
2.510 180.8073
2.511 180.7317
2.512 180.6553
2.513 180.5781
2.514 180.5001
2.515 180.4214
2.516 180.3418
2.517 180.2613
2.518 180.1800
2.519 180.0978
2.520 180.0146
2.521 179.9306
2.522 179.8455
2.523 179.7595
2.524 179.6725
2.525 179.5845
2.526 179.4954
2.527 179.4052
2.528 179.3139
2.529 179.2214
2.530 179.1278
2.531 179.0330
2.532 178.9369
2.533 178.8396
2.534 178.7410
2.535 178.6410
2.536 178.5396
2.537 178.4368
2.538 178.3325
2.539 178.2267
2.540 178.1194
2.541 178.0105
2.542 177.8989
2.543 177.7865
2.544 177.6723
2.545 177.5562
2.546 177.4383
2.547 177.3184
2.548 177.1965
2.549 177.0725
2.550 176.9464
2.551 176.8179
2.552 176.6872
2.553 176.5540
2.554 176.4183
2.555 176.2800
2.556 176.1390
2.557 175.9952
2.558 175.8484
2.559 175.6986
2.560 175.5457
2.561 175.3894
2.562 175.2296
2.563 175.0663
2.564 174.8992
2.565 174.7281
2.566 174.5529
2.567 174.3734
2.568 174.1894
2.569 174.0007
2.570 173.8070
2.571 173.6080
2.572 173.4036
2.573 173.1934
2.574 172.9771
2.575 172.7544
2.576 172.5250
2.577 172.2884
2.578 172.0442
2.579 171.7922
2.580 171.5316
2.581 171.2622
2.582 170.9833
2.583 170.6936
2.584 170.3938
2.585 170.0827
2.586 169.7596
2.587 169.4237
2.588 169.0742
2.589 168.7102
2.590 168.3310
2.591 167.9354
2.592 167.5226
2.593 167.0915
2.594 166.6411
2.595 166.1704
2.596 165.6782
2.597 165.1636
2.598 164.6257
2.599 164.0634
2.600 163.4762
2.601 162.8633
2.602 162.2244
2.603 161.5593
2.604 160.8680
2.605 160.1509
2.606 159.4086
2.607 158.6418
2.608 157.8519
2.609 157.0400
2.610 156.2077
2.611 155.3565
2.612 154.4882
2.613 153.6045
2.614 152.7069
2.615 151.7971
2.616 150.8766
2.617 149.9467
2.618 149.0087
2.619 148.0637
2.620 147.1127
2.621 146.1566
2.622 145.1961
2.623 144.2320
2.624 143.2647
2.625 142.2948
2.626 141.3227
2.627 140.3487
2.628 139.3731
2.629 138.3962
2.630 137.4182
2.631 136.4367
2.632 135.4570
2.633 134.4766
2.634 133.4957
2.635 132.5143
2.636 131.5326
2.637 130.5505
2.638 129.9873
2.639 129.9756
2.640 129.9639
2.641 129.9523
2.642 129.9406
2.643 129.9289
2.644 129.9171
2.645 129.9054
2.646 129.8937
2.647 129.8819
2.648 129.8702
2.649 129.8584
2.650 129.8466
2.651 129.8348
2.652 129.8230
2.653 129.8112
2.654 129.7994
2.655 129.7876
2.656 129.7757
2.657 129.7639
2.658 129.7520
2.659 129.7401
2.660 129.7282
2.661 129.7163
2.662 129.7044
2.663 129.6925
2.664 129.6805
2.665 129.6686
2.666 129.6566
2.667 129.6447
2.668 129.6327
2.669 129.6207
2.670 129.6087
2.671 129.5967
2.672 129.5846
2.673 129.5726
2.674 129.5606
2.675 129.5485
2.676 129.5364
2.677 129.5243
2.678 129.5122
2.679 129.5001
2.680 129.4880
2.681 129.4759
2.682 129.4637
2.683 129.4516
2.684 129.4394
2.685 129.4272
2.686 129.4150
2.687 129.4028
2.688 129.3906
2.689 129.3784
2.690 129.3661
2.691 129.3539
2.692 129.3416
2.693 129.3293
2.694 129.3170
2.695 129.3047
2.696 129.2924
2.697 129.2801
2.698 129.2678
2.699 129.2554
2.700 129.2431
2.701 129.2307
2.702 129.2183
2.703 129.2059
2.704 129.1935
2.705 129.1811
2.706 129.1686
2.707 129.1562
2.708 129.1437
2.709 129.1313
2.710 129.1188
2.711 129.1063
2.712 129.0938
2.713 129.0812
2.714 129.0687
2.715 129.0562
2.716 129.0436
2.717 129.0310
2.718 129.0184
2.719 129.0058
2.720 128.9932
2.721 128.9806
2.722 128.9680
2.723 128.9553
2.724 128.9427
2.725 128.9300
2.726 128.9173
2.727 128.9046
2.728 128.8919
2.729 128.8792
2.730 128.8664
2.731 128.8537
2.732 128.8409
2.733 128.8281
2.734 128.8153
2.735 128.8025
2.736 128.7897
2.737 128.7769
2.738 128.7640
2.739 128.7512
2.740 128.7383
2.741 128.7254
2.742 128.7125
2.743 128.6996
2.744 128.6867
2.745 128.6738
2.746 128.6608
2.747 128.6479
2.748 128.6349
2.749 128.6219
2.750 128.6089
2.751 128.5959
2.752 128.5828
2.753 128.5698
2.754 128.5567
2.755 128.5437
2.756 128.5306
2.757 128.5175
2.758 128.5044
2.759 128.4912
2.760 128.4781
2.761 128.4649
2.762 128.4518
2.763 128.4386
2.764 128.4254
2.765 128.4122
2.766 128.3990
2.767 128.3857
2.768 128.3725
2.769 128.3592
2.770 128.3459
2.771 128.3326
2.772 128.3193
2.773 128.3060
2.774 128.2927
2.775 128.2793
2.776 128.2660
2.777 128.2526
2.778 128.2392
2.779 128.2258
2.780 128.2124
2.781 128.1989
2.782 128.1855
2.783 128.1720
2.784 128.1585
2.785 128.1450
2.786 128.1315
2.787 128.1180
2.788 128.1045
2.789 128.0909
2.790 128.0773
2.791 128.0638
2.792 128.0502
2.793 128.0365
2.794 128.0229
2.795 128.0093
2.796 127.9956
2.797 127.9820
2.798 127.9683
2.799 127.9546
2.800 127.9409
2.801 127.9271
2.802 127.9134
2.803 127.8996
2.804 127.8858
2.805 127.8720
2.806 127.8582
2.807 127.8444
2.808 127.8306
2.809 127.8167
2.810 127.8029
2.811 127.7890
2.812 127.7751
2.813 127.7612
2.814 127.7472
2.815 127.7333
2.816 127.7193
2.817 127.7053
2.818 127.6914
2.819 127.6773
2.820 127.6633
2.821 127.6493
2.822 127.6352
2.823 127.6212
2.824 127.6071
2.825 127.5930
2.826 127.5789
2.827 127.5647
2.828 127.5506
2.829 127.5364
2.830 127.5222
2.831 127.5080
2.832 127.4938
2.833 127.4796
2.834 127.4653
2.835 127.4511
2.836 127.4368
2.837 127.4225
2.838 127.4082
2.839 127.3939
2.840 127.3795
2.841 127.3651
2.842 127.3508
2.843 127.3364
2.844 127.3220
2.845 127.3075
2.846 127.2931
2.847 127.2786
2.848 127.2642
2.849 127.2497
2.850 127.2352
2.851 127.2206
2.852 127.2061
2.853 127.1915
2.854 127.1769
2.855 127.1623
2.856 127.1477
2.857 127.1331
2.858 127.1185
2.859 127.1038
2.860 127.0891
2.861 127.0744
2.862 127.0597
2.863 127.0450
2.864 127.0302
2.865 127.0154
2.866 127.0007
2.867 126.9859
2.868 126.9710
2.869 126.9562
2.870 126.9413
2.871 126.9265
2.872 126.9116
2.873 126.8967
2.874 126.8817
2.875 126.8668
2.876 126.8518
2.877 126.8369
2.878 126.8219
2.879 126.8069
2.880 126.7918
2.881 126.7768
2.882 126.7617
2.883 126.7466
2.884 126.7315
2.885 126.7164
2.886 126.7012
2.887 126.6861
2.888 126.6709
2.889 126.6557
2.890 126.6405
2.891 126.6253
2.892 126.6100
2.893 126.5947
2.894 126.5794
2.895 126.5641
2.896 126.5488
2.897 126.5335
2.898 126.5181
2.899 126.5027
2.900 126.4873
2.901 126.4719
2.902 126.4564
2.903 126.4410
2.904 126.4255
2.905 126.4100
2.906 126.3945
2.907 126.3789
2.908 126.3634
2.909 126.3478
2.910 126.3322
2.911 126.3166
2.912 126.3010
2.913 126.2853
2.914 126.2696
2.915 126.2540
2.916 126.2382
2.917 126.2225
2.918 126.2068
2.919 126.1910
2.920 126.1752
2.921 126.1594
2.922 126.1436
2.923 126.1277
2.924 126.1118
2.925 126.0959
2.926 126.0800
2.927 126.0641
2.928 126.0481
2.929 126.0322
2.930 126.0162
2.931 126.0002
2.932 125.9841
2.933 125.9681
2.934 125.9520
2.935 125.9359
2.936 125.9198
2.937 125.9037
2.938 125.8875
2.939 125.8713
2.940 125.8551
2.941 125.8389
2.942 125.8227
2.943 125.8064
2.944 125.7901
2.945 125.7738
2.946 125.7575
2.947 125.7411
2.948 125.7248
2.949 125.7084
2.950 125.6920
2.951 125.6755
2.952 125.6591
2.953 125.6426
2.954 125.6261
2.955 125.6096
2.956 125.5930
2.957 125.5765
2.958 125.5599
2.959 125.5433
2.960 125.5267
2.961 125.5100
2.962 125.4933
2.963 125.4766
2.964 125.4599
2.965 125.4432
2.966 125.4264
2.967 125.4096
2.968 125.3928
2.969 125.3760
2.970 125.3591
2.971 125.3423
2.972 125.3254
2.973 125.3084
2.974 125.2915
2.975 125.2745
2.976 125.2575
2.977 125.2405
2.978 125.2235
2.979 125.2064
2.980 125.1894
2.981 125.1722
2.982 125.1551
2.983 125.1380
2.984 125.1208
2.985 125.1036
2.986 125.0864
2.987 125.0691
2.988 125.0518
2.989 125.0346
2.990 125.0172
2.991 124.9999
2.992 124.9825
2.993 124.9651
2.994 124.9477
2.995 124.9303
2.996 124.9128
2.997 124.8953
2.998 124.8778
2.999 124.8603
3.000 124.8427
3.001 124.8251
3.002 124.8075
3.003 124.7899
3.004 124.7722
3.005 124.7546
3.006 124.7368
3.007 124.7191
3.008 124.7013
3.009 124.6836
3.010 124.6658
3.011 124.6479
3.012 124.6301
3.013 124.6122
3.014 124.5943
3.015 124.5763
3.016 124.5584
3.017 124.5404
3.018 124.5224
3.019 124.5043
3.020 124.4862
3.021 124.4682
3.022 124.4500
3.023 124.4319
3.024 124.4137
3.025 124.3955
3.026 124.3773
3.027 124.3590
3.028 124.3408
3.029 124.3225
3.030 124.3041
3.031 124.2858
3.032 124.2674
3.033 124.2490
3.034 124.2305
3.035 124.2121
3.036 124.1936
3.037 124.1751
3.038 124.1565
3.039 124.1379
3.040 124.1193
3.041 124.1007
3.042 124.0821
3.043 124.0634
3.044 124.0447
3.045 124.0259
3.046 124.0071
3.047 123.9883
3.048 123.9695
3.049 123.9507
3.050 123.9318
3.051 123.9129
3.052 123.8939
3.053 123.8750
3.054 123.8560
3.055 123.8369
3.056 123.8179
3.057 123.7988
3.058 123.7797
3.059 123.7606
3.060 123.7414
3.061 123.7222
3.062 123.7030
3.063 123.6837
3.064 123.6644
3.065 123.6451
3.066 123.6257
3.067 123.6064
3.068 123.5870
3.069 123.5675
3.070 123.5481
3.071 123.5286
3.072 123.5090
3.073 123.4895
3.074 123.4699
3.075 123.4503
3.076 123.4306
3.077 123.4109
3.078 123.3912
3.079 123.3715
3.080 123.3517
3.081 123.3319
3.082 123.3121
3.083 123.2922
3.084 123.2723
3.085 123.2524
3.086 123.2324
3.087 123.2124
3.088 123.1924
3.089 123.1723
3.090 123.1522
3.091 123.1321
3.092 123.1119
3.093 123.0918
3.094 123.0715
3.095 123.0513
3.096 123.0310
3.097 123.0107
3.098 122.9903
3.099 122.9699
3.100 122.9495
3.101 122.9291
3.102 122.9086
3.103 122.8881
3.104 122.8675
3.105 122.8469
3.106 122.8263
3.107 122.8057
3.108 122.7850
3.109 122.7643
3.110 122.7435
3.111 122.7227
3.112 122.7019
3.113 122.6810
3.114 122.6601
3.115 122.6392
3.116 122.6183
3.117 122.5973
3.118 122.5762
3.119 122.5552
3.120 122.5340
3.121 122.5129
3.122 122.4917
3.123 122.4705
3.124 122.4493
3.125 122.4280
3.126 122.4067
3.127 122.3853
3.128 122.3639
3.129 122.3425
3.130 122.3210
3.131 122.2995
3.132 122.2780
3.133 122.2564
3.134 122.2348
3.135 122.2132
3.136 122.1915
3.137 122.1698
3.138 122.1480
3.139 122.1262
3.140 122.1044
3.141 122.0825
3.142 122.0606
3.143 122.0386
3.144 122.0166
3.145 121.9946
3.146 121.9726
3.147 121.9504
3.148 121.9283
3.149 121.9061
3.150 121.8839
3.151 121.8616
3.152 121.8393
3.153 121.8170
3.154 121.7946
3.155 121.7722
3.156 121.7497
3.157 121.7272
3.158 121.7047
3.159 121.6821
3.160 121.6595
3.161 121.6368
3.162 121.6141
3.163 121.5914
3.164 121.5686
3.165 121.5458
3.166 121.5229
3.167 121.5000
3.168 121.4770
3.169 121.4540
3.170 121.4310
3.171 121.4079
3.172 121.3848
3.173 121.3616
3.174 121.3384
3.175 121.3152
3.176 121.2919
3.177 121.2686
3.178 121.2452
3.179 121.2218
3.180 121.1983
3.181 121.1748
3.182 121.1512
3.183 121.1276
3.184 121.1040
3.185 121.0803
3.186 121.0566
3.187 121.0328
3.188 121.0090
3.189 120.9851
3.190 120.9612
3.191 120.9373
3.192 120.9132
3.193 120.8892
3.194 120.8651
3.195 120.8410
3.196 120.8168
3.197 120.7925
3.198 120.7683
3.199 120.7439
3.200 120.7196
3.201 120.6951
3.202 120.6707
3.203 120.6462
3.204 120.6216
3.205 120.5970
3.206 120.5723
3.207 120.5476
3.208 120.5229
3.209 120.4981
3.210 120.4732
3.211 120.4483
3.212 120.4233
3.213 120.3983
3.214 120.3733
3.215 120.3482
3.216 120.3230
3.217 120.2978
3.218 120.2726
3.219 120.2473
3.220 120.2219
3.221 120.1965
3.222 120.1711
3.223 120.1456
3.224 120.1200
3.225 120.0944
3.226 120.0687
3.227 120.0430
3.228 120.0172
3.229 119.9914
3.230 119.9655
3.231 119.9396
3.232 119.9136
3.233 119.8876
3.234 119.8615
3.235 119.8354
3.236 119.8092
3.237 119.7829
3.238 119.7566
3.239 119.7302
3.240 119.7038
3.241 119.6774
3.242 119.6508
3.243 119.6242
3.244 119.5976
3.245 119.5709
3.246 119.5442
3.247 119.5173
3.248 119.4905
3.249 119.4636
3.250 119.4366
3.251 119.4095
3.252 119.3824
3.253 119.3553
3.254 119.3281
3.255 119.3008
3.256 119.2735
3.257 119.2461
3.258 119.2186
3.259 119.1911
3.260 119.1636
3.261 119.1359
3.262 119.1082
3.263 119.0805
3.264 119.0527
3.265 119.0248
3.266 118.9969
3.267 118.9689
3.268 118.9408
3.269 118.9127
3.270 118.8845
3.271 118.8562
3.272 118.8279
3.273 118.7996
3.274 118.7711
3.275 118.7426
3.276 118.7141
3.277 118.6854
3.278 118.6567
3.279 118.6280
3.280 118.5991
3.281 118.5702
3.282 118.5413
3.283 118.5123
3.284 118.4832
3.285 118.4540
3.286 118.4248
3.287 118.3955
3.288 118.3661
3.289 118.3367
3.290 118.3072
3.291 118.2776
3.292 118.2480
3.293 118.2183
3.294 118.1885
3.295 118.1587
3.296 118.1288
3.297 118.0988
3.298 118.0687
3.299 118.0386
3.300 118.0084
3.301 117.9781
3.302 117.9478
3.303 117.9173
3.304 117.8868
3.305 117.8563
3.306 117.8256
3.307 117.7949
3.308 117.7641
3.309 117.7333
3.310 117.7023
3.311 117.6713
3.312 117.6402
3.313 117.6091
3.314 117.5778
3.315 117.5465
3.316 117.5151
3.317 117.4810
3.318 117.4494
3.319 117.4178
3.320 117.3860
3.321 117.3542
3.322 117.3223
3.323 117.2903
3.324 117.2582
3.325 117.2260
3.326 117.1938
3.327 117.1615
3.328 117.1291
3.329 117.0966
3.330 117.0640
3.331 117.0313
3.332 116.9986
3.333 116.9658
3.334 116.9328
3.335 116.8998
3.336 116.8668
3.337 116.8336
3.338 116.8003
3.339 116.7670
3.340 116.7335
3.341 116.7000
3.342 116.6664
3.343 116.6327
3.344 116.5989
3.345 116.5650
3.346 116.5310
3.347 116.4970
3.348 116.4628
3.349 116.4286
3.350 116.3942
3.351 116.3598
3.352 116.3252
3.353 116.2906
3.354 116.2559
3.355 116.2211
3.356 116.1862
3.357 116.1511
3.358 116.1160
3.359 116.0808
3.360 116.0455
3.361 116.0101
3.362 115.9746
3.363 115.9390
3.364 115.9033
3.365 115.8675
3.366 115.8316
3.367 115.7956
3.368 115.7595
3.369 115.7233
3.370 115.6869
3.371 115.6505
3.372 115.6140
3.373 115.5773
3.374 115.5406
3.375 115.5038
3.376 115.4668
3.377 115.4297
3.378 115.3926
3.379 115.3553
3.380 115.3179
3.381 115.2804
3.382 115.2428
3.383 115.2050
3.384 115.1672
3.385 115.1292
3.386 115.0912
3.387 115.0530
3.388 115.0147
3.389 114.9763
3.390 114.9377
3.391 114.8991
3.392 114.8603
3.393 114.8214
3.394 114.7824
3.395 114.7433
3.396 114.7041
3.397 114.6647
3.398 114.6252
3.399 114.5856
3.400 114.5458
3.401 114.5060
3.402 114.4660
3.403 114.4259
3.404 114.3856
3.405 114.3452
3.406 114.3047
3.407 114.2641
3.408 114.2233
3.409 114.1824
3.410 114.1414
3.411 114.1003
3.412 114.0590
3.413 114.0175
3.414 113.9760
3.415 113.9343
3.416 113.8924
3.417 113.8504
3.418 113.8083
3.419 113.7661
3.420 113.7237
3.421 113.6811
3.422 113.6384
3.423 113.5956
3.424 113.5526
3.425 113.5095
3.426 113.4662
3.427 113.4228
3.428 113.3793
3.429 113.3355
3.430 113.2917
3.431 113.2477
3.432 113.2035
3.433 113.1592
3.434 113.1147
3.435 113.0700
3.436 113.0252
3.437 112.9803
3.438 112.9352
3.439 112.8899
3.440 112.8445
3.441 112.7989
3.442 112.7531
3.443 112.7072
3.444 112.6611
3.445 112.6148
3.446 112.5684
3.447 112.5218
3.448 112.4750
3.449 112.4281
3.450 112.3809
3.451 112.3336
3.452 112.2862
3.453 112.2385
3.454 112.1907
3.455 112.1427
3.456 112.0945
3.457 112.0461
3.458 111.9975
3.459 111.9488
3.460 111.8999
3.461 111.8507
3.462 111.8014
3.463 111.7519
3.464 111.7022
3.465 111.6523
3.466 111.6022
3.467 111.5519
3.468 111.5014
3.469 111.4508
3.470 111.3999
3.471 111.3488
3.472 111.2975
3.473 111.2460
3.474 111.1942
3.475 111.1423
3.476 111.0902
3.477 111.0378
3.478 110.9852
3.479 110.9324
3.480 110.8794
3.481 110.8262
3.482 110.7727
3.483 110.7191
3.484 110.6652
3.485 110.6110
3.486 110.5567
3.487 110.5021
3.488 110.4472
3.489 110.3921
3.490 110.3368
3.491 110.2813
3.492 110.2255
3.493 110.1695
3.494 110.1132
3.495 110.0566
3.496 109.9999
3.497 109.9428
3.498 109.8855
3.499 109.8280
3.500 109.7702
3.501 109.7121
3.502 109.6537
3.503 109.5951
3.504 109.5362
3.505 109.4771
3.506 109.4177
3.507 109.3580
3.508 109.2980
3.509 109.2377
3.510 109.1772
3.511 109.1163
3.512 109.0552
3.513 108.9938
3.514 108.9320
3.515 108.8700
3.516 108.8077
3.517 108.7451
3.518 108.6822
3.519 108.6189
3.520 108.5554
3.521 108.4915
3.522 108.4273
3.523 108.3628
3.524 108.2979
3.525 108.2328
3.526 108.1672
3.527 108.1014
3.528 108.0352
3.529 107.9687
3.530 107.9018
3.531 107.8346
3.532 107.7670
3.533 107.6991
3.534 107.6308
3.535 107.5622
3.536 107.4931
3.537 107.4237
3.538 107.3540
3.539 107.2838
3.540 107.2133
3.541 107.1423
3.542 107.0710
3.543 106.9993
3.544 106.9272
3.545 106.8547
3.546 106.7817
3.547 106.7084
3.548 106.6346
3.549 106.5604
3.550 106.4858
3.551 106.4107
3.552 106.3352
3.553 106.2593
3.554 106.1829
3.555 106.1060
3.556 106.0287
3.557 105.9510
3.558 105.8727
3.559 105.7940
3.560 105.7148
3.561 105.6351
3.562 105.5549
3.563 105.4743
3.564 105.3931
3.565 105.3114
3.566 105.2292
3.567 105.1464
3.568 105.0632
3.569 104.9794
3.570 104.8950
3.571 104.8101
3.572 104.7222
3.573 104.6360
3.574 104.5493
3.575 104.4620
3.576 104.3741
3.577 104.2857
3.578 104.1966
3.579 104.1068
3.580 104.0165
3.581 103.9255
3.582 103.8339
3.583 103.7417
3.584 103.6487
3.585 103.5551
3.586 103.4609
3.587 103.3659
3.588 103.2702
3.589 103.1738
3.590 103.0767
3.591 102.9789
3.592 102.8803
3.593 102.7810
3.594 102.6809
3.595 102.5801
3.596 102.4784
3.597 102.3760
3.598 102.2727
3.599 102.1687
3.600 102.0637
3.601 101.9580
3.602 101.8513
3.603 101.7438
3.604 101.6354
3.605 101.5261
3.606 101.4159
3.607 101.3047
3.608 101.1926
3.609 101.0795
3.610 100.9654
3.611 100.8504
3.612 100.7343
3.613 100.6171
3.614 100.4989
3.615 100.3797
3.616 100.2593
3.617 100.1379
3.618 100.0153
3.619 99.8915
3.620 99.7666
3.621 99.6405
3.622 99.5132
3.623 99.3846
3.624 99.2547
3.625 99.1236
3.626 98.9912
3.627 98.8574
3.628 98.7222
3.629 98.5857
3.630 98.4477
3.631 98.3083
3.632 98.1674
3.633 98.0250
3.634 97.8810
3.635 97.7355
3.636 97.5883
3.637 97.4396
3.638 97.2891
3.639 97.1369
3.640 96.9830
3.641 96.8272
3.642 96.6697
3.643 96.5102
3.644 96.3489
3.645 96.1855
3.646 96.0202
3.647 95.8528
3.648 95.6833
3.649 95.5116
3.650 95.3377
3.651 95.1616
3.652 94.9831
3.653 94.8022
3.654 94.6189
3.655 94.4331
3.656 94.2447
3.657 94.0537
3.658 93.8599
3.659 93.6633
3.660 93.4639
3.661 93.2615
3.662 93.0561
3.663 92.8476
3.664 92.6358
3.665 92.4208
3.666 92.2024
3.667 91.9804
3.668 91.7548
3.669 91.5255
3.670 91.2901
3.671 91.0527
3.672 90.8113
3.673 90.5655
3.674 90.3154
3.675 90.0607
3.676 89.8013
3.677 89.5371
3.678 89.2677
3.679 88.9932
3.680 88.7132
3.681 88.4277
3.682 88.1362
3.683 87.8388
3.684 87.5350
3.685 87.2246
3.686 86.9075
3.687 86.5832
3.688 86.2516
3.689 85.9123
3.690 85.5649
3.691 85.2091
3.692 84.8446
3.693 84.4708
3.694 84.0875
3.695 83.6942
3.696 83.2903
3.697 82.8754
3.698 82.4490
3.699 82.0103
3.700 81.5589
3.701 81.0940
3.702 80.6150
3.703 80.1210
3.704 79.6113
3.705 79.0850
3.706 78.5411
3.707 77.9786
3.708 77.3965
3.709 76.7936
3.710 76.1686
3.711 75.5184
3.712 74.8449
3.713 74.1449
3.714 73.4168
3.715 72.6589
3.716 71.8693
3.717 71.0461
3.718 70.1871
3.719 69.2901
3.720 68.3529
3.721 67.3731
3.722 66.3483
3.723 65.2760
3.724 64.1537
3.725 62.9792
3.726 61.7501
3.727 60.4645
3.728 59.1205
3.729 57.7167
3.730 56.2522
3.731 54.7266
3.732 53.1399
3.733 51.4929
3.734 49.7871
3.735 48.0245
3.736 46.2076
3.737 44.3397
3.738 42.4240
3.739 40.4645
3.740 38.4650
3.741 36.4295
3.742 34.3617
3.743 32.2654
3.744 30.1441
3.745 28.0010
3.746 25.8389
3.747 23.6606
3.748 21.4683
3.749 19.2641
3.750 17.0498
3.751 14.8269
3.752 12.5967
3.753 10.3604
3.754 8.1189
3.755 5.8731
3.756 3.6237
3.757 1.3712
3.758 -0.8838
3.759 -3.1410
3.760 -5.4000
3.761 -7.6605
3.762 -9.9222
3.763 -12.1849
3.764 -14.4486
3.765 -16.7129
3.766 -18.0000
3.767 -18.0000
3.768 -18.0000
3.769 -18.0000
3.770 -18.0000
3.771 -18.0000
3.772 -18.0000
3.773 -18.0000
3.774 -18.0000
3.775 -18.0000
3.776 -18.0000
3.777 -18.0000
3.778 -18.0000
3.779 -18.0000
3.780 -18.0000
3.781 -18.0000
3.782 -18.0000
3.783 -18.0000
3.784 -18.0000
3.785 -18.0000
3.786 -18.0000
3.787 -18.0000
3.788 -18.0000
3.789 -18.0000
3.790 -18.0000
3.791 -18.0000
3.792 -18.0000
3.793 -18.0000
3.794 -18.0000
3.795 -18.0000
3.796 -18.0000
3.797 -18.0000
3.798 -18.0000
3.799 -18.0000
3.800 -18.0000
3.801 -18.0000
3.802 -18.0000
3.803 -18.0000
3.804 -18.0000
3.805 -18.0000
3.806 -18.0000
3.807 -18.0000
3.808 -18.0000
3.809 -18.0000
3.810 -18.0000
                                                                                                                                                                                                                                                                                                                                                                                                                                                                                                                                                                                                                                                                                                                                                                                                                                                                                                                                                                                                                                                                                                                                                                                                                                                                                                                                                                                                                                                                                                                                                                                                                                                                                                                                                                                                                                                                                                                                                                                                                                                                                                                                                                                                                                                                                                                                                                                                                                                                                                                                                                                                                                                                                                                                                                                                                                                                                                                                                                                                                                                                                                                                                                                                                                                                                                                                                                                                                                                                                                                                                                                                                                                                                                                                                                                                                                                                                                                                                                                                                                                                                                                                                                                                                                                                                                                                                                                                                                                                                                                                                                                                                                                                                                                                                                                                                                                                                                                                                                                                                                                                                                                                                                                                                                                                                                                                                                                                                                                                                                                                                                                                                                                                                                                                                                                                                                                                                                                                                                                                                                                                                                                                                                                                                                                                                                                                                                                                                                                                                                                                                                                                                                                                                                                                                                                                                                                                                                                                                                                                                                                                                                                                                                                                                                                                                                                                                                                                                                                                                                                                                                                                                                                                                                                                                                                                                                                                                                                                                                                                                                                                                                                                                                                                                                                                                                                                                                                                                                                                                                                                                                                                                                                                                                                                                                                                                                                                                                                                                                                                                                                                                                                                                                                                                                                                                                                                                                                                                                                                                                                                                                                                                                                                                                                                                                                                                                                                                                                                                                                                                                                                                                                                                                                                                                                                                                                                                                                                                                                                                                                                                                                                                                                                                                                                                                                                                                                                                                                                                                                                                                                                                                                                                                                                                                                                                                                                                                                                                                                                                                                                                                                                                                                                                                                                                                                                                                                                                                                                                                                                                                                                                                                                                                                                                                                                                                                                                                                                                                                                                                                                                                                                                                                                                                                                                                                                                                                                                                                                                                                                                                                                                                                                                                                                                                                                                                                                                                                                                                                                                                                                                                                                                                                                                                                                                                                                                                                                                                                                                                                                                                                                                                                                                                                                                                                                                                                                                                                                                                                                                                                                                                                                                                                                                                                                                                                                                                                                                                                                                                                                                                                                                                                                                                                                                                4.725 -18.0000
4.726 -18.0000
4.727 -18.0000
4.728 -18.0000
4.729 -18.0000
4.730 -18.0000
4.731 -18.0000
4.732 -18.0000
4.733 -18.0000
4.734 -18.0000
4.735 -18.0000
4.736 -18.0000
4.737 -18.0000
4.738 -18.0000
4.739 -18.0000
4.740 -18.0000
4.741 -18.0000
4.742 -18.0000
4.743 -18.0000
4.744 -18.0000
4.745 -18.0000
4.746 -18.0000
4.747 -18.0000
4.748 -18.0000
4.749 -18.0000
4.750 -18.0000
                                                                                                                                       4.757 -18.0000
4.758 -18.0000
4.759 -18.0000
4.760 -18.0000
4.761 -18.0000
4.762 -18.0000
4.763 -18.0000
4.764 -18.0000
4.765 -18.0000
4.766 -18.0000
4.767 -18.0000
4.768 -18.0000
4.769 -18.0000
4.770 -18.0000
4.771 -18.0000
4.772 -18.0000
4.773 -18.0000
4.774 -18.0000
4.775 -18.0000
4.776 -18.0000
4.777 -18.0000
4.778 -18.0000
4.779 -18.0000
4.780 -18.0000
4.781 -18.0000
4.782 -18.0000
4.783 -18.0000
4.784 -18.0000
