-1.000 219.8160
-0.999 219.8122
-0.998 219.8085
-0.997 219.8047
-0.996 219.8009
-0.995 219.7971
-0.994 219.7933
-0.993 219.7895
-0.992 219.7857
-0.991 219.7819
-0.990 219.7782
-0.989 219.7744
-0.988 219.7706
-0.987 219.7668
-0.986 219.7630
-0.985 219.7592
-0.984 219.7554
-0.983 219.7516
-0.982 219.7478
-0.981 219.7440
-0.980 219.7402
-0.979 219.7364
-0.978 219.7326
-0.977 219.7288
-0.976 219.7250
-0.975 219.7212
-0.974 219.7174
-0.973 219.7136
-0.972 219.7098
-0.971 219.7060
-0.970 219.7022
-0.969 219.6983
-0.968 219.6945
-0.967 219.6907
-0.966 219.6869
-0.965 219.6831
-0.964 219.6793
-0.963 219.6755
-0.962 219.6717
-0.961 219.6678
-0.960 219.6640
-0.959 219.6602
-0.958 219.6564
-0.957 219.6526
-0.956 219.6488
-0.955 219.6449
-0.954 219.6411
-0.953 219.6373
-0.952 219.6335
-0.951 219.6296
-0.950 219.6258
-0.949 219.6220
-0.948 219.6182
-0.947 219.6143
-0.946 219.6105
-0.945 219.6067
-0.944 219.6029
-0.943 219.5990
-0.942 219.5952
-0.941 219.5914
-0.940 219.5875
-0.939 219.5837
-0.938 219.5799
-0.937 219.5760
-0.936 219.5722
-0.935 219.5684
-0.934 219.5645
-0.933 219.5607
-0.932 219.5569
-0.931 219.5530
-0.930 219.5492
-0.929 219.5453
-0.928 219.5415
-0.927 219.5376
-0.926 219.5338
-0.925 219.5300
-0.924 219.5261
-0.923 219.5223
-0.922 219.5184
-0.921 219.5146
-0.920 219.5107
-0.919 219.5069
-0.918 219.5030
-0.917 219.4992
-0.916 219.4953
-0.915 219.4915
-0.914 219.4876
-0.913 219.4838
-0.912 219.4799
-0.911 219.4760
-0.910 219.4722
-0.909 219.4683
-0.908 219.4645
-0.907 219.4606
-0.906 219.4567
-0.905 219.4529
-0.904 219.4490
-0.903 219.4452
-0.902 219.4413
-0.901 219.4374
-0.900 219.4336
-0.899 219.4297
-0.898 219.4258
-0.897 219.4220
-0.896 219.4181
-0.895 219.4142
-0.894 219.4104
-0.893 219.4065
-0.892 219.4026
-0.891 219.3987
-0.890 219.3949
-0.889 219.3910
-0.888 219.3871
-0.887 219.3832
-0.886 219.3794
-0.885 219.3755
-0.884 219.3716
-0.883 219.3677
-0.882 219.3638
-0.881 219.3600
-0.880 219.3561
-0.879 219.3522
-0.878 219.3483
-0.877 219.3444
-0.876 219.3405
-0.875 219.3367
-0.874 219.3328
-0.873 219.3289
-0.872 219.3250
-0.871 219.3211
-0.870 219.3172
-0.869 219.3133
-0.868 219.3094
-0.867 219.3055
-0.866 219.3016
-0.865 219.2977
-0.864 219.2938
-0.863 219.2899
-0.862 219.2860
-0.861 219.2821
-0.860 219.2782
-0.859 219.2743
-0.858 219.2704
-0.857 219.2665
-0.856 219.2626
-0.855 219.2587
-0.854 219.2548
-0.853 219.2509
-0.852 219.2470
-0.851 219.2431
-0.850 219.2392
-0.849 219.2353
-0.848 219.2314
-0.847 219.2275
-0.846 219.2236
-0.845 219.2197
-0.844 219.2157
-0.843 219.2118
-0.842 219.2079
-0.841 219.2040
-0.840 219.2001
-0.839 219.1962
-0.838 219.1922
-0.837 219.1883
-0.836 219.1844
-0.835 219.1805
-0.834 219.1766
-0.833 219.1726
-0.832 219.1687
-0.831 219.1648
-0.830 219.1609
-0.829 219.1569
-0.828 219.1530
-0.827 219.1491
-0.826 219.1452
-0.825 219.1412
-0.824 219.1373
-0.823 219.1334
-0.822 219.1294
-0.821 219.1255
-0.820 219.1216
-0.819 219.1176
-0.818 219.1137
-0.817 219.1098
-0.816 219.1058
-0.815 219.1019
-0.814 219.0979
-0.813 219.0940
-0.812 219.0901
-0.811 219.0861
-0.810 219.0822
-0.809 219.0782
-0.808 219.0743
-0.807 219.0703
-0.806 219.0664
-0.805 219.0625
-0.804 219.0585
-0.803 219.0546
-0.802 219.0506
-0.801 219.0467
-0.800 219.0427
-0.799 219.0388
-0.798 219.0348
-0.797 219.0308
-0.796 219.0269
-0.795 219.0229
-0.794 219.0190
-0.793 219.0150
-0.792 219.0111
-0.791 219.0071
-0.790 219.0031
-0.789 218.9992
-0.788 218.9952
-0.787 218.9913
-0.786 218.9873
-0.785 218.9833
-0.784 218.9794
-0.783 218.9754
-0.782 218.9714
-0.781 218.9675
-0.780 218.9635
-0.779 218.9595
-0.778 218.9555
-0.777 218.9516
-0.776 218.9476
-0.775 218.9436
-0.774 218.9397
-0.773 218.9357
-0.772 218.9317
-0.771 218.9277
-0.770 218.9238
-0.769 218.9198
-0.768 218.9158
-0.767 218.9118
-0.766 218.9078
-0.765 218.9038
-0.764 218.8999
-0.763 218.8959
-0.762 218.8919
-0.761 218.8879
-0.760 218.8839
-0.759 218.8799
-0.758 218.8759
-0.757 218.8720
-0.756 218.8680
-0.755 218.8640
-0.754 218.8600
-0.753 218.8560
-0.752 218.8520
-0.751 218.8480
-0.750 218.8440
-0.749 218.8400
-0.748 218.8360
-0.747 218.8320
-0.746 218.8280
-0.745 218.8240
-0.744 218.8200
-0.743 218.8160
-0.742 218.8120
-0.741 218.8080
-0.740 218.8040
-0.739 218.8000
-0.738 218.7960
-0.737 218.7920
-0.736 218.7880
-0.735 218.7840
-0.734 218.7800
-0.733 218.7759
-0.732 218.7719
-0.731 218.7679
-0.730 218.7639
-0.729 218.7599
-0.728 218.7559
-0.727 218.7519
-0.726 218.7478
-0.725 218.7438
-0.724 218.7398
-0.723 218.7358
-0.722 218.7318
-0.721 218.7277
-0.720 218.7237
-0.719 218.7197
-0.718 218.7157
-0.717 218.7116
-0.716 218.7076
-0.715 218.7036
-0.714 218.6996
-0.713 218.6955
-0.712 218.6915
-0.711 218.6875
-0.710 218.6834
-0.709 218.6794
-0.708 218.6754
-0.707 218.6713
-0.706 218.6673
-0.705 218.6633
-0.704 218.6592
-0.703 218.6552
-0.702 218.6511
-0.701 218.6471
-0.700 218.6431
-0.699 218.6390
-0.698 218.6350
-0.697 218.6309
-0.696 218.6269
-0.695 218.6228
-0.694 218.6188
-0.693 218.6148
-0.692 218.6107
-0.691 218.6067
-0.690 218.6026
-0.689 218.5986
-0.688 218.5945
-0.687 218.5904
-0.686 218.5864
-0.685 218.5823
-0.684 218.5783
-0.683 218.5742
-0.682 218.5702
-0.681 218.5661
-0.680 218.5621
-0.679 218.5580
-0.678 218.5539
-0.677 218.5499
-0.676 218.5458
-0.675 218.5417
-0.674 218.5377
-0.673 218.5336
-0.672 218.5295
-0.671 218.5255
-0.670 218.5214
-0.669 218.5173
-0.668 218.5133
-0.667 218.5092
-0.666 218.5051
-0.665 218.5010
-0.664 218.4970
-0.663 218.4929
-0.662 218.4888
-0.661 218.4847
-0.660 218.4807
-0.659 218.4766
-0.658 218.4725
-0.657 218.4684
-0.656 218.4643
-0.655 218.4603
-0.654 218.4562
-0.653 218.4521
-0.652 218.4480
-0.651 218.4439
-0.650 218.4398
-0.649 218.4357
-0.648 218.4317
-0.647 218.4276
-0.646 218.4235
-0.645 218.4194
-0.644 218.4153
-0.643 218.4112
-0.642 218.4071
-0.641 218.4030
-0.640 218.3989
-0.639 218.3948
-0.638 218.3907
-0.637 218.3866
-0.636 218.3825
-0.635 218.3784
-0.634 218.3743
-0.633 218.3702
-0.632 218.3661
-0.631 218.3620
-0.630 218.3579
-0.629 218.3538
-0.628 218.3497
-0.627 218.3456
-0.626 218.3415
-0.625 218.3373
-0.624 218.3332
-0.623 218.3291
-0.622 218.3250
-0.621 218.3209
-0.620 218.3168
-0.619 218.3127
-0.618 218.3085
-0.617 218.3044
-0.616 218.3003
-0.615 218.2962
-0.614 218.2921
-0.613 218.2879
-0.612 218.2838
-0.611 218.2797
-0.610 218.2756
-0.609 218.2714
-0.608 218.2673
-0.607 218.2632
-0.606 218.2591
-0.605 218.2549
-0.604 218.2508
-0.603 218.2467
-0.602 218.2425
-0.601 218.2384
-0.600 218.2343
-0.599 218.2301
-0.598 218.2260
-0.597 218.2218
-0.596 218.2177
-0.595 218.2136
-0.594 218.2094
-0.593 218.2053
-0.592 218.2011
-0.591 218.1970
-0.590 218.1929
-0.589 218.1887
-0.588 218.1846
-0.587 218.1804
-0.586 218.1763
-0.585 218.1721
-0.584 218.1680
-0.583 218.1638
-0.582 218.1597
-0.581 218.1555
-0.580 218.1514
-0.579 218.1472
-0.578 218.1430
-0.577 218.1389
-0.576 218.1347
-0.575 218.1306
-0.574 218.1264
-0.573 218.1223
-0.572 218.1181
-0.571 218.1139
-0.570 218.1098
-0.569 218.1056
-0.568 218.1014
-0.567 218.0973
-0.566 218.0931
-0.565 218.0889
-0.564 218.0848
-0.563 218.0806
-0.562 218.0764
-0.561 218.0722
-0.560 218.0681
-0.559 218.0639
-0.558 218.0597
-0.557 218.0555
-0.556 218.0514
-0.555 218.0472
-0.554 218.0430
-0.553 218.0388
-0.552 218.0346
-0.551 218.0305
-0.550 218.0263
-0.549 218.0221
-0.548 218.0179
-0.547 218.0137
-0.546 218.0095
-0.545 218.0053
-0.544 218.0012
-0.543 217.9970
-0.542 217.9928
-0.541 217.9886
-0.540 217.9844
-0.539 217.9802
-0.538 217.9760
-0.537 217.9718
-0.536 217.9676
-0.535 217.9634
-0.534 217.9592
-0.533 217.9550
-0.532 217.9508
-0.531 217.9466
-0.530 217.9424
-0.529 217.9382
-0.528 217.9340
-0.527 217.9298
-0.526 217.9256
-0.525 217.9214
-0.524 217.9172
-0.523 217.9130
-0.522 217.9087
-0.521 217.9045
-0.520 217.9003
-0.519 217.8961
-0.518 217.8919
-0.517 217.8877
-0.516 217.8835
-0.515 217.8792
-0.514 217.8750
-0.513 217.8708
-0.512 217.8666
-0.511 217.8624
-0.510 217.8581
-0.509 217.8539
-0.508 217.8497
-0.507 217.8455
-0.506 217.8412
-0.505 217.8370
-0.504 217.8328
-0.503 217.8285
-0.502 217.8243
-0.501 217.8201
-0.500 217.8158
-0.499 217.8116
-0.498 217.8074
-0.497 217.8031
-0.496 217.7989
-0.495 217.7947
-0.494 217.7904
-0.493 217.7862
-0.492 217.7819
-0.491 217.7777
-0.490 217.7735
-0.489 217.7692
-0.488 217.7650
-0.487 217.7607
-0.486 217.7565
-0.485 217.7522
-0.484 217.7480
-0.483 217.7437
-0.482 217.7395
-0.481 217.7352
-0.480 217.7310
-0.479 217.7267
-0.478 217.7225
-0.477 217.7182
-0.476 217.7139
-0.475 217.7097
-0.474 217.7054
-0.473 217.7012
-0.472 217.6969
-0.471 217.6926
-0.470 217.6884
-0.469 217.6841
-0.468 217.6798
-0.467 217.6756
-0.466 217.6713
-0.465 217.6670
-0.464 217.6628
-0.463 217.6585
-0.462 217.6542
-0.461 217.6500
-0.460 217.6457
-0.459 217.6414
-0.458 217.6371
-0.457 217.6329
-0.456 217.6286
-0.455 217.6243
-0.454 217.6200
-0.453 217.6157
-0.452 217.6115
-0.451 217.6072
-0.450 217.6029
-0.449 217.5986
-0.448 217.5943
-0.447 217.5900
-0.446 217.5857
-0.445 217.5815
-0.444 217.5772
-0.443 217.5729
-0.442 217.5686
-0.441 217.5643
-0.440 217.5600
-0.439 217.5557
-0.438 217.5514
-0.437 217.5471
-0.436 217.5428
-0.435 217.5385
-0.434 217.5342
-0.433 217.5299
-0.432 217.5256
-0.431 217.5213
-0.430 217.5170
-0.429 217.5127
-0.428 217.5084
-0.427 217.5041
-0.426 217.4998
-0.425 217.4955
-0.424 217.4911
-0.423 217.4868
-0.422 217.4825
-0.421 217.4782
-0.420 217.4739
-0.419 217.4696
-0.418 217.4653
-0.417 217.4609
-0.416 217.4566
-0.415 217.4523
-0.414 217.4480
-0.413 217.4437
-0.412 217.4393
-0.411 217.4350
-0.410 217.4307
-0.409 217.4264
-0.408 217.4220
-0.407 217.4177
-0.406 217.4134
-0.405 217.4090
-0.404 217.4047
-0.403 217.4004
-0.402 217.3960
-0.401 217.3917
-0.400 217.3874
-0.399 217.3830
-0.398 217.3787
-0.397 217.3744
-0.396 217.3700
-0.395 217.3657
-0.394 217.3613
-0.393 217.3570
-0.392 217.3526
-0.391 217.3483
-0.390 217.3439
-0.389 217.3396
-0.388 217.3352
-0.387 217.3309
-0.386 217.3265
-0.385 217.3222
-0.384 217.3178
-0.383 217.3135
-0.382 217.3091
-0.381 217.3048
-0.380 217.3004
-0.379 217.2961
-0.378 217.2917
-0.377 217.2873
-0.376 217.2830
-0.375 217.2786
-0.374 217.2743
-0.373 217.2699
-0.372 217.2655
-0.371 217.2612
-0.370 217.2568
-0.369 217.2524
-0.368 217.2480
-0.367 217.2437
-0.366 217.2393
-0.365 217.2349
-0.364 217.2306
-0.363 217.2262
-0.362 217.2218
-0.361 217.2174
-0.360 217.2130
-0.359 217.2087
-0.358 217.2043
-0.357 217.1999
-0.356 217.1955
-0.355 217.1911
-0.354 217.1868
-0.353 217.1824
-0.352 217.1780
-0.351 217.1736
-0.350 217.1692
-0.349 217.1648
-0.348 217.1604
-0.347 217.1560
-0.346 217.1516
-0.345 217.1472
-0.344 217.1428
-0.343 217.1384
-0.342 217.1340
-0.341 217.1296
-0.340 217.1252
-0.339 217.1208
-0.338 217.1164
-0.337 217.1120
-0.336 217.1076
-0.335 217.1032
-0.334 217.0988
-0.333 217.0944
-0.332 217.0900
-0.331 217.0856
-0.330 217.0812
-0.329 217.0768
-0.328 217.0724
-0.327 217.0679
-0.326 217.0635
-0.325 217.0591
-0.324 217.0547
-0.323 217.0503
-0.322 217.0459
-0.321 217.0414
-0.320 217.0370
-0.319 217.0326
-0.318 217.0282
-0.317 217.0237
-0.316 217.0193
-0.315 217.0149
-0.314 217.0104
-0.313 217.0060
-0.312 217.0016
-0.311 216.9972
-0.310 216.9927
-0.309 216.9883
-0.308 216.9839
-0.307 216.9794
-0.306 216.9750
-0.305 216.9705
-0.304 216.9661
-0.303 216.9617
-0.302 216.9572
-0.301 216.9528
-0.300 216.9483
-0.299 216.9439
-0.298 216.9394
-0.297 216.9350
-0.296 216.9305
-0.295 216.9261
-0.294 216.9216
-0.293 216.9172
-0.292 216.9127
-0.291 216.9083
-0.290 216.9038
-0.289 216.8994
-0.288 216.8949
-0.287 216.8905
-0.286 216.8860
-0.285 216.8815
-0.284 216.8771
-0.283 216.8726
-0.282 216.8681
-0.281 216.8637
-0.280 216.8592
-0.279 216.8547
-0.278 216.8503
-0.277 216.8458
-0.276 216.8413
-0.275 216.8369
-0.274 216.8324
-0.273 216.8279
-0.272 216.8234
-0.271 216.8190
-0.270 216.8145
-0.269 216.8100
-0.268 216.8055
-0.267 216.8010
-0.266 216.7966
-0.265 216.7921
-0.264 216.7876
-0.263 216.7831
-0.262 216.7786
-0.261 216.7741
-0.260 216.7696
-0.259 216.7652
-0.258 216.7607
-0.257 216.7562
-0.256 216.7517
-0.255 216.7472
-0.254 216.7427
-0.253 216.7382
-0.252 216.7337
-0.251 216.7292
-0.250 216.7247
-0.249 216.7202
-0.248 216.7157
-0.247 216.7112
-0.246 216.7067
-0.245 216.7022
-0.244 216.6977
-0.243 216.6932
-0.242 216.6886
-0.241 216.6841
-0.240 216.6796
-0.239 216.6751
-0.238 216.6706
-0.237 216.6661
-0.236 216.6616
-0.235 216.6570
-0.234 216.6525
-0.233 216.6480
-0.232 216.6435
-0.231 216.6390
-0.230 216.6344
-0.229 216.6299
-0.228 216.6254
-0.227 216.6209
-0.226 216.6163
-0.225 216.6118
-0.224 216.6073
-0.223 216.6027
-0.222 216.5982
-0.221 216.5937
-0.220 216.5891
-0.219 216.5846
-0.218 216.5801
-0.217 216.5755
-0.216 216.5710
-0.215 216.5665
-0.214 216.5619
-0.213 216.5574
-0.212 216.5528
-0.211 216.5483
-0.210 216.5437
-0.209 216.5392
-0.208 216.5346
-0.207 216.5301
-0.206 216.5255
-0.205 216.5210
-0.204 216.5164
-0.203 216.5119
-0.202 216.5073
-0.201 216.5028
-0.200 216.4982
-0.199 216.4936
-0.198 216.4891
-0.197 216.4845
-0.196 216.4800
-0.195 216.4754
-0.194 216.4708
-0.193 216.4663
-0.192 216.4617
-0.191 216.4571
-0.190 216.4526
-0.189 216.4480
-0.188 216.4434
-0.187 216.4388
-0.186 216.4343
-0.185 216.4297
-0.184 216.4251
-0.183 216.4205
-0.182 216.4160
-0.181 216.4114
-0.180 216.4068
-0.179 216.4022
-0.178 216.3976
-0.177 216.3930
-0.176 216.3885
-0.175 216.3839
-0.174 216.3793
-0.173 216.3747
-0.172 216.3701
-0.171 216.3655
-0.170 216.3609
-0.169 216.3563
-0.168 216.3517
-0.167 216.3471
-0.166 216.3425
-0.165 216.3379
-0.164 216.3333
-0.163 216.3287
-0.162 216.3241
-0.161 216.3195
-0.160 216.3149
-0.159 216.3103
-0.158 216.3057
-0.157 216.3011
-0.156 216.2965
-0.155 216.2919
-0.154 216.2873
-0.153 216.2827
-0.152 216.2780
-0.151 216.2734
-0.150 216.2688
-0.149 216.2642
-0.148 216.2596
-0.147 216.2549
-0.146 216.2503
-0.145 216.2457
-0.144 216.2411
-0.143 216.2365
-0.142 216.2318
-0.141 216.2272
-0.140 216.2226
-0.139 216.2179
-0.138 216.2133
-0.137 216.2087
-0.136 216.2040
-0.135 216.1994
-0.134 216.1948
-0.133 216.1901
-0.132 216.1855
-0.131 216.1809
-0.130 216.1762
-0.129 216.1716
-0.128 216.1669
-0.127 216.1623
-0.126 216.1576
-0.125 216.1530
-0.124 216.1483
-0.123 216.1437
-0.122 216.1390
-0.121 216.1344
-0.120 216.1297
-0.119 216.1251
-0.118 216.1204
-0.117 216.1158
-0.116 216.1111
-0.115 216.1064
-0.114 216.1018
-0.113 216.0971
-0.112 216.0925
-0.111 216.0878
-0.110 216.0831
-0.109 216.0785
-0.108 216.0738
-0.107 216.0691
-0.106 216.0645
-0.105 216.0598
-0.104 216.0551
-0.103 216.0504
-0.102 216.0458
-0.101 216.0411
-0.100 216.0364
-0.099 216.0317
-0.098 216.0271
-0.097 216.0224
-0.096 216.0177
-0.095 216.0130
-0.094 216.0083
-0.093 216.0036
-0.092 215.9989
-0.091 215.9943
-0.090 215.9896
-0.089 215.9849
-0.088 215.9802
-0.087 215.9755
-0.086 215.9708
-0.085 215.9661
-0.084 215.9614
-0.083 215.9567
-0.082 215.9520
-0.081 215.9473
-0.080 215.9426
-0.079 215.9379
-0.078 215.9332
-0.077 215.9285
-0.076 215.9238
-0.075 215.9191
-0.074 215.9144
-0.073 215.9097
-0.072 215.9049
-0.071 215.9002
-0.070 215.8955
-0.069 215.8908
-0.068 215.8861
-0.067 215.8814
-0.066 215.8766
-0.065 215.8719
-0.064 215.8672
-0.063 215.8625
-0.062 215.8577
-0.061 215.8530
-0.060 215.8483
-0.059 215.8436
-0.058 215.8388
-0.057 215.8341
-0.056 215.8294
-0.055 215.8246
-0.054 215.8199
-0.053 215.8152
-0.052 215.8104
-0.051 215.8057
-0.050 215.8010
-0.049 215.7962
-0.048 215.7915
-0.047 215.7867
-0.046 215.7820
-0.045 215.7772
-0.044 215.7725
-0.043 215.7677
-0.042 215.7630
-0.041 215.7582
-0.040 215.7535
-0.039 215.7487
-0.038 215.7440
-0.037 215.7392
-0.036 215.7345
-0.035 215.7297
-0.034 215.7249
-0.033 215.7202
-0.032 215.7154
-0.031 215.7107
-0.030 215.7059
-0.029 215.7011
-0.028 215.6964
-0.027 215.6916
-0.026 215.6868
-0.025 215.6820
-0.024 215.6773
-0.023 215.6725
-0.022 215.6677
-0.021 215.6629
-0.020 215.6582
-0.019 215.6534
-0.018 215.6486
-0.017 215.6438
-0.016 215.6390
-0.015 215.6343
-0.014 215.6295
-0.013 215.6247
-0.012 215.6199
-0.011 215.6151
-0.010 215.6103
-0.009 215.6055
-0.008 215.6007
-0.007 215.5959
-0.006 215.5911
-0.005 215.5863
-0.004 215.5816
-0.003 215.5768
-0.002 215.5720
-0.001 215.5671
0.000 215.5623
0.001 215.5575
0.002 215.5527
0.003 215.5479
0.004 215.5431
0.005 215.5383
0.006 215.5335
0.007 215.5287
0.008 215.5239
0.009 215.5191
0.010 215.5142
0.011 215.5094
0.012 215.5046
0.013 215.4998
0.014 215.4950
0.015 215.4901
0.016 215.4853
0.017 215.4805
0.018 215.4757
0.019 215.4708
0.020 215.4660
0.021 215.4612
0.022 215.4563
0.023 215.4515
0.024 215.4467
0.025 215.4418
0.026 215.4370
0.027 215.4322
0.028 215.4273
0.029 215.4225
0.030 215.4176
0.031 215.4128
0.032 215.4079
0.033 215.4031
0.034 215.3982
0.035 215.3934
0.036 215.3885
0.037 215.3837
0.038 215.3788
0.039 215.3740
0.040 215.3691
0.041 215.3643
0.042 215.3594
0.043 215.3546
0.044 215.3497
0.045 215.3448
0.046 215.3400
0.047 215.3351
0.048 215.3302
0.049 215.3254
0.050 215.3205
0.051 215.3156
0.052 215.3108
0.053 215.3059
0.054 215.3010
0.055 215.2961
0.056 215.2913
0.057 215.2864
0.058 215.2815
0.059 215.2766
0.060 215.2717
0.061 215.2668
0.062 215.2620
0.063 215.2571
0.064 215.2522
0.065 215.2473
0.066 215.2424
0.067 215.2375
0.068 215.2326
0.069 215.2277
0.070 215.2228
0.071 215.2179
0.072 215.2130
0.073 215.2081
0.074 215.2032
0.075 215.1983
0.076 215.1934
0.077 215.1885
0.078 215.1836
0.079 215.1787
0.080 215.1738
0.081 215.1689
0.082 215.1640
0.083 215.1591
0.084 215.1542
0.085 215.1492
0.086 215.1443
0.087 215.1394
0.088 215.1345
0.089 215.1296
0.090 215.1246
0.091 215.1197
0.092 215.1148
0.093 215.1099
0.094 215.1049
0.095 215.1000
0.096 215.0951
0.097 215.0901
0.098 215.0852
0.099 215.0803
0.100 215.0753
0.101 215.0704
0.102 215.0655
0.103 215.0605
0.104 215.0556
0.105 215.0506
0.106 215.0457
0.107 215.0407
0.108 215.0358
0.109 215.0308
0.110 215.0259
0.111 215.0209
0.112 215.0160
0.113 215.0110
0.114 215.0061
0.115 215.0011
0.116 214.9962
0.117 214.9912
0.118 214.9862
0.119 214.9813
0.120 214.9763
0.121 214.9713
0.122 214.9664
0.123 214.9614
0.124 214.9564
0.125 214.9515
0.126 214.9465
0.127 214.9415
0.128 214.9365
0.129 214.9316
0.130 214.9266
0.131 214.9216
0.132 214.9166
0.133 214.9117
0.134 214.9067
0.135 214.9017
0.136 214.8967
0.137 214.8917
0.138 214.8867
0.139 214.8817
0.140 214.8767
0.141 214.8717
0.142 214.8667
0.143 214.8618
0.144 214.8568
0.145 214.8518
0.146 214.8468
0.147 214.8418
0.148 214.8368
0.149 214.8317
0.150 214.8267
0.151 214.8217
0.152 214.8167
0.153 214.8117
0.154 214.8067
0.155 214.8017
0.156 214.7967
0.157 214.7917
0.158 214.7866
0.159 214.7816
0.160 214.7766
0.161 214.7716
0.162 214.7666
0.163 214.7615
0.164 214.7565
0.165 214.7515
0.166 214.7465
0.167 214.7414
0.168 214.7364
0.169 214.7314
0.170 214.7263
0.171 214.7213
0.172 214.7163
0.173 214.7112
0.174 214.7062
0.175 214.7011
0.176 214.6961
0.177 214.6911
0.178 214.6860
0.179 214.6810
0.180 214.6759
0.181 214.6709
0.182 214.6658
0.183 214.6608
0.184 214.6557
0.185 214.6506
0.186 214.6456
0.187 214.6405
0.188 214.6355
0.189 214.6304
0.190 214.6253
0.191 214.6203
0.192 214.6152
0.193 214.6102
0.194 214.6051
0.195 214.6000
0.196 214.5949
0.197 214.5899
0.198 214.5848
0.199 214.5797
0.200 214.5746
0.201 214.5696
0.202 214.5645
0.203 214.5594
0.204 214.5543
0.205 214.5492
0.206 214.5442
0.207 214.5391
0.208 214.5340
0.209 214.5289
0.210 214.5238
0.211 214.5187
0.212 214.5136
0.213 214.5085
0.214 214.5034
0.215 214.4983
0.216 214.4932
0.217 214.4881
0.218 214.4830
0.219 214.4779
0.220 214.4728
0.221 214.4677
0.222 214.4626
0.223 214.4575
0.224 214.4524
0.225 214.4472
0.226 214.4421
0.227 214.4370
0.228 214.4319
0.229 214.4268
0.230 214.4217
0.231 214.4165
0.232 214.4114
0.233 214.4063
0.234 214.4012
0.235 214.3960
0.236 214.3909
0.237 214.3858
0.238 214.3806
0.239 214.3755
0.240 214.3704
0.241 214.3652
0.242 214.3601
0.243 214.3550
0.244 214.3498
0.245 214.3447
0.246 214.3395
0.247 214.3344
0.248 214.3292
0.249 214.3241
0.250 214.3189
0.251 214.3138
0.252 214.3086
0.253 214.3035
0.254 214.2983
0.255 214.2932
0.256 214.2880
0.257 214.2828
0.258 214.2777
0.259 214.2725
0.260 214.2673
0.261 214.2622
0.262 214.2570
0.263 214.2518
0.264 214.2467
0.265 214.2415
0.266 214.2363
0.267 214.2312
0.268 214.2260
0.269 214.2208
0.270 214.2156
0.271 214.2104
0.272 214.2053
0.273 214.2001
0.274 214.1949
0.275 214.1897
0.276 214.1845
0.277 214.1793
0.278 214.1741
0.279 214.1689
0.280 214.1637
0.281 214.1585
0.282 214.1533
0.283 214.1481
0.284 214.1429
0.285 214.1377
0.286 214.1325
0.287 214.1273
0.288 214.1221
0.289 214.1169
0.290 214.1117
0.291 214.1065
0.292 214.1013
0.293 214.0961
0.294 214.0908
0.295 214.0856
0.296 214.0804
0.297 214.0752
0.298 214.0700
0.299 214.0647
0.300 214.0595
0.301 214.0543
0.302 214.0491
0.303 214.0438
0.304 214.0386
0.305 214.0334
0.306 214.0281
0.307 214.0229
0.308 214.0176
0.309 214.0124
0.310 214.0072
0.311 214.0019
0.312 213.9967
0.313 213.9914
0.314 213.9862
0.315 213.9809
0.316 213.9757
0.317 213.9704
0.318 213.9652
0.319 213.9599
0.320 213.9547
0.321 213.9494
0.322 213.9442
0.323 213.9389
0.324 213.9336
0.325 213.9284
0.326 213.9231
0.327 213.9178
0.328 213.9126
0.329 213.9073
0.330 213.9020
0.331 213.8968
0.332 213.8915
0.333 213.8862
0.334 213.8809
0.335 213.8756
0.336 213.8704
0.337 213.8651
0.338 213.8598
0.339 213.8545
0.340 213.8492
0.341 213.8439
0.342 213.8386
0.343 213.8333
0.344 213.8281
0.345 213.8228
0.346 213.8175
0.347 213.8122
0.348 213.8069
0.349 213.8016
0.350 213.7963
0.351 213.7910
0.352 213.7856
0.353 213.7803
0.354 213.7750
0.355 213.7697
0.356 213.7644
0.357 213.7591
0.358 213.7538
0.359 213.7485
0.360 213.7431
0.361 213.7378
0.362 213.7325
0.363 213.7272
0.364 213.7218
0.365 213.7165
0.366 213.7112
0.367 213.7059
0.368 213.7005
0.369 213.6952
0.370 213.6899
0.371 213.6845
0.372 213.6792
0.373 213.6738
0.374 213.6685
0.375 213.6632
0.376 213.6578
0.377 213.6525
0.378 213.6471
0.379 213.6418
0.380 213.6364
0.381 213.6311
0.382 213.6257
0.383 213.6204
0.384 213.6150
0.385 213.6096
0.386 213.6043
0.387 213.5989
0.388 213.5936
0.389 213.5882
0.390 213.5828
0.391 213.5775
0.392 213.5721
0.393 213.5667
0.394 213.5613
0.395 213.5560
0.396 213.5506
0.397 213.5452
0.398 213.5398
0.399 213.5345
0.400 213.5291
0.401 213.5237
0.402 213.5183
0.403 213.5129
0.404 213.5075
0.405 213.5021
0.406 213.4967
0.407 213.4913
0.408 213.4859
0.409 213.4805
0.410 213.4751
0.411 213.4697
0.412 213.4643
0.413 213.4589
0.414 213.4535
0.415 213.4481
0.416 213.4427
0.417 213.4373
0.418 213.4319
0.419 213.4265
0.420 213.4211
0.421 213.4156
0.422 213.4102
0.423 213.4048
0.424 213.3994
0.425 213.3940
0.426 213.3885
0.427 213.3831
0.428 213.3777
0.429 213.3722
0.430 213.3668
0.431 213.3614
0.432 213.3559
0.433 213.3505
0.434 213.3451
0.435 213.3396
0.436 213.3342
0.437 213.3287
0.438 213.3233
0.439 213.3179
0.440 213.3124
0.441 213.3070
0.442 213.3015
0.443 213.2960
0.444 213.2906
0.445 213.2851
0.446 213.2797
0.447 213.2742
0.448 213.2688
0.449 213.2633
0.450 213.2578
0.451 213.2524
0.452 213.2469
0.453 213.2414
0.454 213.2359
0.455 213.2305
0.456 213.2250
0.457 213.2195
0.458 213.2140
0.459 213.2086
0.460 213.2031
0.461 213.1976
0.462 213.1921
0.463 213.1866
0.464 213.1811
0.465 213.1756
0.466 213.1701
0.467 213.1647
0.468 213.1592
0.469 213.1537
0.470 213.1482
0.471 213.1427
0.472 213.1372
0.473 213.1317
0.474 213.1261
0.475 213.1206
0.476 213.1151
0.477 213.1096
0.478 213.1041
0.479 213.0986
0.480 213.0931
0.481 213.0876
0.482 213.0820
0.483 213.0765
0.484 213.0710
0.485 213.0655
0.486 213.0599
0.487 213.0544
0.488 213.0489
0.489 213.0434
0.490 213.0378
0.491 213.0323
0.492 213.0268
0.493 213.0212
0.494 213.0157
0.495 213.0101
0.496 213.0046
0.497 212.9990
0.498 212.9935
0.499 212.9879
0.500 212.9824
0.501 212.9768
0.502 212.9713
0.503 212.9657
0.504 212.9602
0.505 212.9546
0.506 212.9491
0.507 212.9435
0.508 212.9379
0.509 212.9324
0.510 212.9268
0.511 212.9212
0.512 212.9157
0.513 212.9101
0.514 212.9045
0.515 212.8989
0.516 212.8934
0.517 212.8878
0.518 212.8822
0.519 212.8766
0.520 212.8710
0.521 212.8654
0.522 212.8599
0.523 212.8543
0.524 212.8487
0.525 212.8431
0.526 212.8375
0.527 212.8319
0.528 212.8263
0.529 212.8207
0.530 212.8151
0.531 212.8095
0.532 212.8039
0.533 212.7983
0.534 212.7927
0.535 212.7870
0.536 212.7814
0.537 212.7758
0.538 212.7702
0.539 212.7646
0.540 212.7590
0.541 212.7533
0.542 212.7477
0.543 212.7421
0.544 212.7365
0.545 212.7308
0.546 212.7252
0.547 212.7196
0.548 212.7139
0.549 212.7083
0.550 212.7027
0.551 212.6970
0.552 212.6914
0.553 212.6857
0.554 212.6801
0.555 212.6744
0.556 212.6688
0.557 212.6631
0.558 212.6575
0.559 212.6518
0.560 212.6462
0.561 212.6405
0.562 212.6349
0.563 212.6292
0.564 212.6235
0.565 212.6179
0.566 212.6122
0.567 212.6065
0.568 212.6009
0.569 212.5952
0.570 212.5895
0.571 212.5839
0.572 212.5782
0.573 212.5725
0.574 212.5668
0.575 212.5611
0.576 212.5554
0.577 212.5498
0.578 212.5441
0.579 212.5384
0.580 212.5327
0.581 212.5270
0.582 212.5213
0.583 212.5156
0.584 212.5099
0.585 212.5042
0.586 212.4985
0.587 212.4928
0.588 212.4871
0.589 212.4814
0.590 212.4757
0.591 212.4700
0.592 212.4643
0.593 212.4585
0.594 212.4528
0.595 212.4471
0.596 212.4414
0.597 212.4357
0.598 212.4299
0.599 212.4242
0.600 212.4185
0.601 212.4127
0.602 212.4070
0.603 212.4013
0.604 212.3955
0.605 212.3898
0.606 212.3841
0.607 212.3783
0.608 212.3726
0.609 212.3668
0.610 212.3611
0.611 212.3553
0.612 212.3496
0.613 212.3438
0.614 212.3381
0.615 212.3323
0.616 212.3266
0.617 212.3208
0.618 212.3151
0.619 212.3093
0.620 212.3035
0.621 212.2978
0.622 212.2920
0.623 212.2862
0.624 212.2805
0.625 212.2747
0.626 212.2689
0.627 212.2631
0.628 212.2573
0.629 212.2516
0.630 212.2458
0.631 212.2400
0.632 212.2342
0.633 212.2284
0.634 212.2226
0.635 212.2168
0.636 212.2110
0.637 212.2052
0.638 212.1994
0.639 212.1936
0.640 212.1878
0.641 212.1820
0.642 212.1762
0.643 212.1704
0.644 212.1646
0.645 212.1588
0.646 212.1530
0.647 212.1472
0.648 212.1414
0.649 212.1355
0.650 212.1297
0.651 212.1239
0.652 212.1181
0.653 212.1122
0.654 212.1064
0.655 212.1006
0.656 212.0947
0.657 212.0889
0.658 212.0831
0.659 212.0772
0.660 212.0714
0.661 212.0656
0.662 212.0597
0.663 212.0539
0.664 212.0480
0.665 212.0422
0.666 212.0363
0.667 212.0305
0.668 212.0246
0.669 212.0187
0.670 212.0129
0.671 212.0070
0.672 212.0012
0.673 211.9953
0.674 211.9894
0.675 211.9836
0.676 211.9777
0.677 211.9718
0.678 211.9659
0.679 211.9601
0.680 211.9542
0.681 211.9483
0.682 211.9424
0.683 211.9365
0.684 211.9307
0.685 211.9248
0.686 211.9189
0.687 211.9130
0.688 211.9071
0.689 211.9012
0.690 211.8953
0.691 211.8894
0.692 211.8835
0.693 211.8776
0.694 211.8717
0.695 211.8658
0.696 211.8599
0.697 211.8540
0.698 211.8480
0.699 211.8421
0.700 211.8362
0.701 211.8303
0.702 211.8244
0.703 211.8184
0.704 211.8125
0.705 211.8066
0.706 211.8007
0.707 211.7947
0.708 211.7888
0.709 211.7829
0.710 211.7769
0.711 211.7710
0.712 211.7650
0.713 211.7591
0.714 211.7532
0.715 211.7472
0.716 211.7413
0.717 211.7353
0.718 211.7294
0.719 211.7234
0.720 211.7174
0.721 211.7115
0.722 211.7055
0.723 211.6996
0.724 211.6936
0.725 211.6876
0.726 211.6817
0.727 211.6757
0.728 211.6697
0.729 211.6637
0.730 211.6578
0.731 211.6518
0.732 211.6458
0.733 211.6398
0.734 211.6338
0.735 211.6279
0.736 211.6219
0.737 211.6159
0.738 211.6099
0.739 211.6039
0.740 211.5979
0.741 211.5919
0.742 211.5859
0.743 211.5799
0.744 211.5739
0.745 211.5679
0.746 211.5619
0.747 211.5559
0.748 211.5498
0.749 211.5438
0.750 211.5378
0.751 211.5318
0.752 211.5258
0.753 211.5198
0.754 211.5137
0.755 211.5077
0.756 211.5017
0.757 211.4956
0.758 211.4896
0.759 211.4836
0.760 211.4775
0.761 211.4715
0.762 211.4655
0.763 211.4594
0.764 211.4534
0.765 211.4473
0.766 211.4413
0.767 211.4352
0.768 211.4292
0.769 211.4231
0.770 211.4170
0.771 211.4110
0.772 211.4049
0.773 211.3989
0.774 211.3928
0.775 211.3867
0.776 211.3807
0.777 211.3709
0.778 211.3648
0.779 211.3587
0.780 211.3526
0.781 211.3466
0.782 211.3405
0.783 211.3344
0.784 211.3283
0.785 211.3222
0.786 211.3161
0.787 211.3100
0.788 211.3039
0.789 211.2978
0.790 211.2917
0.791 211.2856
0.792 211.2794
0.793 211.2733
0.794 211.2672
0.795 211.2611
0.796 211.2550
0.797 211.2489
0.798 211.2427
0.799 211.2366
0.800 211.2305
0.801 211.2244
0.802 211.2182
0.803 211.2121
0.804 211.2059
0.805 211.1998
0.806 211.1937
0.807 211.1875
0.808 211.1814
0.809 211.1752
0.810 211.1691
0.811 211.1629
0.812 211.1568
0.813 211.1506
0.814 211.1445
0.815 211.1383
0.816 211.1321
0.817 211.1260
0.818 211.1198
0.819 211.1136
0.820 211.1075
0.821 211.1013
0.822 211.0951
0.823 211.0890
0.824 211.0828
0.825 211.0766
0.826 211.0704
0.827 211.0642
0.828 211.0580
0.829 211.0518
0.830 211.0457
0.831 211.0395
0.832 211.0333
0.833 211.0271
0.834 211.0209
0.835 211.0147
0.836 211.0085
0.837 211.0022
0.838 210.9960
0.839 210.9898
0.840 210.9836
0.841 210.9774
0.842 210.9712
0.843 210.9650
0.844 210.9587
0.845 210.9525
0.846 210.9463
0.847 210.9401
0.848 210.9338
0.849 210.9276
0.850 210.9214
0.851 210.9151
0.852 210.9089
0.853 210.9026
0.854 210.8964
0.855 210.8902
0.856 210.8839
0.857 210.8777
0.858 210.8714
0.859 210.8651
0.860 210.8589
0.861 210.8526
0.862 210.8464
0.863 210.8401
0.864 210.8338
0.865 210.8276
0.866 210.8213
0.867 210.8150
0.868 210.8087
0.869 210.8025
0.870 210.7962
0.871 210.7899
0.872 210.7836
0.873 210.7773
0.874 210.7711
0.875 210.7648
0.876 210.7585
0.877 210.7522
0.878 210.7459
0.879 210.7396
0.880 210.7333
0.881 210.7270
0.882 210.7207
0.883 210.7144
0.884 210.7080
0.885 210.7017
0.886 210.6954
0.887 210.6891
0.888 210.6828
0.889 210.6765
0.890 210.6701
0.891 210.6638
0.892 210.6575
0.893 210.6512
0.894 210.6448
0.895 210.6385
0.896 210.6321
0.897 210.6258
0.898 210.6195
0.899 210.6131
0.900 210.6068
0.901 210.6004
0.902 210.5941
0.903 210.5877
0.904 210.5814
0.905 210.5750
0.906 210.5687
0.907 210.5623
0.908 210.5559
0.909 210.5496
0.910 210.5432
0.911 210.5368
0.912 210.5304
0.913 210.5241
0.914 210.5177
0.915 210.5113
0.916 210.5049
0.917 210.4985
0.918 210.4922
0.919 210.4858
0.920 210.4794
0.921 210.4730
0.922 210.4666
0.923 210.4602
0.924 210.4538
0.925 210.4474
0.926 210.4410
0.927 210.4346
0.928 210.4282
0.929 210.4217
0.930 210.4153
0.931 210.4089
0.932 210.4025
0.933 210.3961
0.934 210.3896
0.935 210.3832
0.936 210.3768
0.937 210.3704
0.938 210.3639
0.939 210.3575
0.940 210.3510
0.941 210.3446
0.942 210.3382
0.943 210.3317
0.944 210.3253
0.945 210.3188
0.946 210.3124
0.947 210.3059
0.948 210.2995
0.949 210.2930
0.950 210.2865
0.951 210.2801
0.952 210.2736
0.953 210.2671
0.954 210.2607
0.955 210.2542
0.956 210.2477
0.957 210.2412
0.958 210.2348
0.959 210.2283
0.960 210.2218
0.961 210.2153
0.962 210.2088
0.963 210.2023
0.964 210.1958
0.965 210.1893
0.966 210.1828
0.967 210.1763
0.968 210.1698
0.969 210.1633
0.970 210.1568
0.971 210.1503
0.972 210.1438
0.973 210.1373
0.974 210.1308
0.975 210.1242
0.976 210.1177
0.977 210.1112
0.978 210.1047
0.979 210.0981
0.980 210.0916
0.981 210.0851
0.982 210.0785
0.983 210.0720
0.984 210.0654
0.985 210.0589
0.986 210.0524
0.987 210.0458
0.988 210.0392
0.989 210.0327
0.990 210.0261
0.991 210.0196
0.992 210.0130
0.993 210.0065
0.994 209.9999
0.995 209.9933
0.996 209.9867
0.997 209.9802
0.998 209.9736
0.999 209.9670
1.000 209.9604
1.001 209.9539
1.002 209.9473
1.003 209.9407
1.004 209.9341
1.005 209.9275
1.006 209.9209
1.007 209.9143
1.008 209.9077
1.009 209.9011
1.010 209.8945
1.011 209.8879
1.012 209.8813
1.013 209.8747
1.014 209.8680
1.015 209.8614
1.016 209.8548
1.017 209.8482
1.018 209.8416
1.019 209.8349
1.020 209.8283
1.021 209.8217
1.022 209.8150
1.023 209.8084
1.024 209.8018
1.025 209.7951
1.026 209.7885
1.027 209.7818
1.028 209.7752
1.029 209.7685
1.030 209.7619
1.031 209.7552
1.032 209.7486
1.033 209.7419
1.034 209.7352
1.035 209.7286
1.036 209.7219
1.037 209.7152
1.038 209.7085
1.039 209.7019
1.040 209.6952
1.041 209.6885
1.042 209.6818
1.043 209.6751
1.044 209.6684
1.045 209.6618
1.046 209.6551
1.047 209.6484
1.048 209.6417
1.049 209.6350
1.050 209.6283
1.051 209.6215
1.052 209.6148
1.053 209.6081
1.054 209.6014
1.055 209.5947
1.056 209.5880
1.057 209.5813
1.058 209.5745
1.059 209.5678
1.060 209.5611
1.061 209.5543
1.062 209.5476
1.063 209.5409
1.064 209.5341
1.065 209.5274
1.066 209.5206
1.067 209.5139
1.068 209.5071
1.069 209.5004
1.070 209.4936
1.071 209.4869
1.072 209.4801
1.073 209.4733
1.074 209.4666
1.075 209.4598
1.076 209.4530
1.077 209.4463
1.078 209.4395
1.079 209.4327
1.080 209.4259
1.081 209.4191
1.082 209.4124
1.083 209.4056
1.084 209.3988
1.085 209.3920
1.086 209.3852
1.087 209.3784
1.088 209.3716
1.089 209.3648
1.090 209.3580
1.091 209.3512
1.092 209.3444
1.093 209.3375
1.094 209.3307
1.095 209.3239
1.096 209.3171
1.097 209.3103
1.098 209.3034
1.099 209.2966
1.100 209.2898
1.101 209.2829
1.102 209.2761
1.103 209.2692
1.104 209.2624
1.105 209.2556
1.106 209.2487
1.107 209.2419
1.108 209.2350
1.109 209.2281
1.110 209.2213
1.111 209.2144
1.112 209.2076
1.113 209.2007
1.114 209.1938
1.115 209.1869
1.116 209.1801
1.117 209.1732
1.118 209.1663
1.119 209.1594
1.120 209.1525
1.121 209.1457
1.122 209.1388
1.123 209.1319
1.124 209.1250
1.125 209.1181
1.126 209.1112
1.127 209.1043
1.128 209.0974
1.129 209.0904
1.130 209.0835
1.131 209.0766
1.132 209.0697
1.133 209.0628
1.134 209.0559
1.135 209.0489
1.136 209.0420
1.137 209.0351
1.138 209.0281
1.139 209.0212
1.140 209.0143
1.141 209.0073
1.142 209.0004
1.143 208.9934
1.144 208.9865
1.145 208.9795
1.146 208.9726
1.147 208.9656
1.148 208.9586
1.149 208.9517
1.150 208.9447
1.151 208.9377
1.152 208.9308
1.153 208.9238
1.154 208.9168
1.155 208.9098
1.156 208.9028
1.157 208.8959
1.158 208.8889
1.159 208.8819
1.160 208.8749
1.161 208.8679
1.162 208.8609
1.163 208.8539
1.164 208.8469
1.165 208.8399
1.166 208.8329
1.167 208.8259
1.168 208.8188
1.169 208.8118
1.170 208.8048
1.171 208.7978
1.172 208.7907
1.173 208.7837
1.174 208.7767
1.175 208.7696
1.176 208.7626
1.177 208.7556
1.178 208.7485
1.179 208.7415
1.180 208.7344
1.181 208.7274
1.182 208.7203
1.183 208.7133
1.184 208.7062
1.185 208.6991
1.186 208.6921
1.187 208.6850
1.188 208.6779
1.189 208.6708
1.190 208.6638
1.191 208.6567
1.192 208.6496
1.193 208.6425
1.194 208.6354
1.195 208.6283
1.196 208.6212
1.197 208.6141
1.198 208.6070
1.199 208.5999
1.200 208.5928
1.201 208.5857
1.202 208.5786
1.203 208.5715
1.204 208.5644
1.205 208.5573
1.206 208.5501
1.207 208.5430
1.208 208.5359
1.209 208.5288
1.210 208.5216
1.211 208.5145
1.212 208.5073
1.213 208.5002
1.214 208.4931
1.215 208.4859
1.216 208.4788
1.217 208.4716
1.218 208.4644
1.219 208.4573
1.220 208.4501
1.221 208.4430
1.222 208.4358
1.223 208.4286
1.224 208.4214
1.225 208.4143
1.226 208.4071
1.227 208.3999
1.228 208.3927
1.229 208.3855
1.230 208.3783
1.231 208.3711
1.232 208.3639
1.233 208.3567
1.234 208.3495
1.235 208.3423
1.236 208.3351
1.237 208.3279
1.238 208.3207
1.239 208.3135
1.240 208.3063
1.241 208.2990
1.242 208.2918
1.243 208.2846
1.244 208.2773
1.245 208.2701
1.246 208.2629
1.247 208.2556
1.248 208.2484
1.249 208.2411
1.250 208.2339
1.251 208.2266
1.252 208.2194
1.253 208.2121
1.254 208.2049
1.255 208.1976
1.256 208.1903
1.257 208.1830
1.258 208.1758
1.259 208.1685
1.260 208.1612
1.261 208.1539
1.262 208.1466
1.263 208.1394
1.264 208.1321
1.265 208.1248
1.266 208.1175
1.267 208.1102
1.268 208.1029
1.269 208.0956
1.270 208.0883
1.271 208.0809
1.272 208.0736
1.273 208.0663
1.274 208.0590
1.275 208.0517
1.276 208.0443
1.277 208.0370
1.278 208.0297
1.279 208.0223
1.280 208.0150
1.281 208.0076
1.282 208.0003
1.283 207.9929
1.284 207.9856
1.285 207.9782
1.286 207.9709
1.287 207.9635
1.288 207.9562
1.289 207.9488
1.290 207.9414
1.291 207.9340
1.292 207.9267
1.293 207.9193
1.294 207.9119
1.295 207.9045
1.296 207.8971
1.297 207.8897
1.298 207.8823
1.299 207.8749
1.300 207.8675
1.301 207.8601
1.302 207.8527
1.303 207.8453
1.304 207.8379
1.305 207.8305
1.306 207.8231
1.307 207.8157
1.308 207.8082
1.309 207.8008
1.310 207.7934
1.311 207.7859
1.312 207.7785
1.313 207.7711
1.314 207.7636
1.315 207.7562
1.316 207.7487
1.317 207.7413
1.318 207.7338
1.319 207.7263
1.320 207.7189
1.321 207.7114
1.322 207.7039
1.323 207.6965
1.324 207.6890
1.325 207.6815
1.326 207.6740
1.327 207.6665
1.328 207.6591
1.329 207.6516
1.330 207.6441
1.331 207.6366
1.332 207.6291
1.333 207.6216
1.334 207.6141
1.335 207.6066
1.336 207.5990
1.337 207.5915
1.338 207.5840
1.339 207.5765
1.340 207.5690
1.341 207.5614
1.342 207.5539
1.343 207.5464
1.344 207.5388
1.345 207.5313
1.346 207.5237
1.347 207.5162
1.348 207.5086
1.349 207.5011
1.350 207.4935
1.351 207.4860
1.352 207.4784
1.353 207.4708
1.354 207.4633
1.355 207.4557
1.356 207.4481
1.357 207.4405
1.358 207.4329
1.359 207.4253
1.360 207.4178
1.361 207.4102
1.362 207.4026
1.363 207.3950
1.364 207.3874
1.365 207.3798
1.366 207.3721
1.367 207.3645
1.368 207.3569
1.369 207.3493
1.370 207.3417
1.371 207.3341
1.372 207.3264
1.373 207.3188
1.374 207.3112
1.375 207.3035
1.376 207.2959
1.377 207.2882
1.378 207.2806
1.379 207.2729
1.380 207.2653
1.381 207.2576
1.382 207.2500
1.383 207.2423
1.384 207.2346
1.385 207.2269
1.386 207.2193
1.387 207.2116
1.388 207.2039
1.389 207.1962
1.390 207.1885
1.391 207.1808
1.392 207.1731
1.393 207.1654
1.394 207.1577
1.395 207.1500
1.396 207.1423
1.397 207.1346
1.398 207.1269
1.399 207.1192
1.400 207.1115
1.401 207.1037
1.402 207.0960
1.403 207.0883
1.404 207.0805
1.405 207.0728
1.406 207.0651
1.407 207.0573
1.408 207.0496
1.409 207.0418
1.410 207.0341
1.411 207.0263
1.412 207.0185
1.413 207.0108
1.414 207.0030
1.415 206.9952
1.416 206.9875
1.417 206.9797
1.418 206.9719
1.419 206.9641
1.420 206.9563
1.421 206.9485
1.422 206.9407
1.423 206.9329
1.424 206.9251
1.425 206.9173
1.426 206.9095
1.427 206.9017
1.428 206.8939
1.429 206.8861
1.430 206.8782
1.431 206.8704
1.432 206.8626
1.433 206.8548
1.434 206.8469
1.435 206.8391
1.436 206.8312
1.437 206.8234
1.438 206.8155
1.439 206.8077
1.440 206.7998
1.441 206.7920
1.442 206.7841
1.443 206.7762
1.444 206.7684
1.445 206.7605
1.446 206.7526
1.447 206.7447
1.448 206.7368
1.449 206.7289
1.450 206.7210
1.451 206.7132
1.452 206.7053
1.453 206.6973
1.454 206.6894
1.455 206.6815
1.456 206.6736
1.457 206.6657
1.458 206.6578
1.459 206.6499
1.460 206.6419
1.461 206.6340
1.462 206.6261
1.463 206.6181
1.464 206.6102
1.465 206.6022
1.466 206.5943
1.467 206.5863
1.468 206.5784
1.469 206.5704
1.470 206.5625
1.471 206.5545
1.472 206.5465
1.473 206.5385
1.474 206.5306
1.475 206.5226
1.476 206.5146
1.477 206.5066
1.478 206.4986
1.479 206.4906
1.480 206.4826
1.481 206.4746
1.482 206.4666
1.483 206.4586
1.484 206.4506
1.485 206.4426
1.486 206.4346
1.487 206.4265
1.488 206.4185
1.489 206.4105
1.490 206.4024
1.491 206.3944
1.492 206.3864
1.493 206.3783
1.494 206.3703
1.495 206.3622
1.496 206.3541
1.497 206.3461
1.498 206.3380
1.499 206.3300
1.500 206.3219
1.501 206.3138
1.502 206.3057
1.503 206.2976
1.504 206.2896
1.505 206.2815
1.506 206.2734
1.507 206.2653
1.508 206.2572
1.509 206.2491
1.510 206.2410
1.511 206.2329
1.512 206.2247
1.513 206.2166
1.514 206.2085
1.515 206.2004
1.516 206.1922
1.517 206.1841
1.518 206.1760
1.519 206.1678
1.520 206.1597
1.521 206.1515
1.522 206.1434
1.523 206.1352
1.524 206.1271
1.525 206.1189
1.526 206.1107
1.527 206.1026
1.528 206.0944
1.529 206.0862
1.530 206.0780
1.531 206.0698
1.532 206.0616
1.533 206.0534
1.534 206.0453
1.535 206.0370
1.536 206.0288
1.537 206.0206
1.538 206.0124
1.539 206.0042
1.540 205.9960
1.541 205.9878
1.542 205.9795
1.543 205.9713
1.544 205.9631
1.545 205.9548
1.546 205.9466
1.547 205.9383
1.548 205.9301
1.549 205.9218
1.550 205.9136
1.551 205.9053
1.552 205.8970
1.553 205.8888
1.554 205.8805
1.555 205.8722
1.556 205.8639
1.557 205.8557
1.558 205.8474
1.559 205.8391
1.560 205.8308
1.561 205.8225
1.562 205.8142
1.563 205.8059
1.564 205.7975
1.565 205.7892
1.566 205.7809
1.567 205.7726
1.568 205.7643
1.569 205.7559
1.570 205.7476
1.571 205.7393
1.572 205.7309
1.573 205.7226
1.574 205.7142
1.575 205.7059
1.576 205.6975
1.577 205.6891
1.578 205.6808
1.579 205.6724
1.580 205.6640
1.581 205.6556
1.582 205.6473
1.583 205.6389
1.584 205.6305
1.585 205.6221
1.586 205.6137
1.587 205.6053
1.588 205.5969
1.589 205.5885
1.590 205.5801
1.591 205.5716
1.592 205.5632
1.593 205.5548
1.594 205.5464
1.595 205.5379
1.596 205.5295
1.597 205.5210
1.598 205.5126
1.599 205.5041
1.600 205.4957
1.601 205.4872
1.602 205.4788
1.603 205.4703
1.604 205.4618
1.605 205.4534
1.606 205.4449
1.607 205.4364
1.608 205.4279
1.609 205.4194
1.610 205.4109
1.611 205.4024
1.612 205.3939
1.613 205.3854
1.614 205.3769
1.615 205.3684
1.616 205.3599
1.617 205.3513
1.618 205.3428
1.619 205.3343
1.620 205.3257
1.621 205.3172
1.622 205.3087
1.623 205.3001
1.624 205.2916
1.625 205.2830
1.626 205.2745
1.627 205.2659
1.628 205.2573
1.629 205.2487
1.630 205.2402
1.631 205.2316
1.632 205.2230
1.633 205.2144
1.634 205.2058
1.635 205.1972
1.636 205.1886
1.637 205.1800
1.638 205.1714
1.639 205.1628
1.640 205.1542
1.641 205.1456
1.642 205.1369
1.643 205.1283
1.644 205.1197
1.645 205.1110
1.646 205.1024
1.647 205.0937
1.648 205.0851
1.649 205.0764
1.650 205.0678
1.651 205.0591
1.652 205.0504
1.653 205.0418
1.654 205.0331
1.655 205.0244
1.656 205.0157
1.657 205.0070
1.658 204.9983
1.659 204.9896
1.660 204.9809
1.661 204.9722
1.662 204.9635
1.663 204.9548
1.664 204.9461
1.665 204.9374
1.666 204.9286
1.667 204.9199
1.668 204.9112
1.669 204.9024
1.670 204.8937
1.671 204.8849
1.672 204.8762
1.673 204.8674
1.674 204.8587
1.675 204.8499
1.676 204.8411
1.677 204.8323
1.678 204.8236
1.679 204.8148
1.680 204.8060
1.681 204.7972
1.682 204.7884
1.683 204.7796
1.684 204.7708
1.685 204.7620
1.686 204.7532
1.687 204.7444
1.688 204.7355
1.689 204.7267
1.690 204.7179
1.691 204.7090
1.692 204.7002
1.693 204.6914
1.694 204.6825
1.695 204.6737
1.696 204.6648
1.697 204.6559
1.698 204.6471
1.699 204.6382
1.700 204.6293
1.701 204.6204
1.702 204.6116
1.703 204.6027
1.704 204.5938
1.705 204.5849
1.706 204.5760
1.707 204.5671
1.708 204.5582
1.709 204.5492
1.710 204.5403
1.711 204.5314
1.712 204.5225
1.713 204.5135
1.714 204.5046
1.715 204.4957
1.716 204.4867
1.717 204.4778
1.718 204.4688
1.719 204.4598
1.720 204.4509
1.721 204.4419
1.722 204.4329
1.723 204.4240
1.724 204.4150
1.725 204.4060
1.726 204.3970
1.727 204.3880
1.728 204.3790
1.729 204.3700
1.730 204.3610
1.731 204.3520
1.732 204.3430
1.733 204.3339
1.734 204.3249
1.735 204.3159
1.736 204.3068
1.737 204.2978
1.738 204.2887
1.739 204.2797
1.740 204.2706
1.741 204.2616
1.742 204.2525
1.743 204.2434
1.744 204.2344
1.745 204.2253
1.746 204.2162
1.747 204.2071
1.748 204.1980
1.749 204.1889
1.750 204.1798
1.751 204.1707
1.752 204.1616
1.753 204.1525
1.754 204.1434
1.755 204.1342
1.756 204.1251
1.757 204.1160
1.758 204.1068
1.759 204.0977
1.760 204.0885
1.761 204.0794
1.762 204.0702
1.763 204.0611
1.764 204.0519
1.765 204.0427
1.766 204.0336
1.767 204.0244
1.768 204.0152
1.769 204.0060
1.770 203.9968
1.771 203.9876
1.772 203.9784
1.773 203.9692
1.774 203.9600
1.775 203.9508
1.776 203.9415
1.777 203.9323
1.778 203.9231
1.779 203.9138
1.780 203.9046
1.781 203.8953
1.782 203.8861
1.783 203.8768
1.784 203.8676
1.785 203.8583
1.786 203.8490
1.787 203.8397
1.788 203.8305
1.789 203.8212
1.790 203.8119
1.791 203.8026
1.792 203.7933
1.793 203.7840
1.794 203.7747
1.795 203.7654
1.796 203.7560
1.797 203.7467
1.798 203.7374
1.799 203.7280
1.800 203.7187
1.801 203.7094
1.802 203.7000
1.803 203.6906
1.804 203.6813
1.805 203.6719
1.806 203.6626
1.807 203.6532
1.808 203.6438
1.809 203.6344
1.810 203.6250
1.811 203.6156
1.812 203.6062
1.813 203.5968
1.814 203.5874
1.815 203.5780
1.816 203.5686
1.817 203.5592
1.818 203.5497
1.819 203.5403
1.820 203.5309
1.821 203.5214
1.822 203.5120
1.823 203.5025
1.824 203.4931
1.825 203.4836
1.826 203.4741
1.827 203.4646
1.828 203.4552
1.829 203.4457
1.830 203.4362
1.831 203.4267
1.832 203.4172
1.833 203.4077
1.834 203.3982
1.835 203.3887
1.836 203.3791
1.837 203.3696
1.838 203.3601
1.839 203.3506
1.840 203.3410
1.841 203.3315
1.842 203.3219
1.843 203.3124
1.844 203.3028
1.845 203.2932
1.846 203.2837
1.847 203.2741
1.848 203.2645
1.849 203.2549
1.850 203.2453
1.851 203.2357
1.852 203.2261
1.853 203.2165
1.854 203.2069
1.855 203.1973
1.856 203.1877
1.857 203.1780
1.858 203.1684
1.859 203.1588
1.860 203.1491
1.861 203.1395
1.862 203.1298
1.863 203.1202
1.864 203.1105
1.865 203.1008
1.866 203.0912
1.867 203.0815
1.868 203.0718
1.869 203.0621
1.870 203.0524
1.871 203.0427
1.872 203.0330
1.873 203.0233
1.874 203.0136
1.875 203.0039
1.876 202.9941
1.877 202.9844
1.878 202.9747
1.879 202.9649
1.880 202.9552
1.881 202.9454
1.882 202.9356
1.883 202.9259
1.884 202.9161
1.885 202.9063
1.886 202.8966
1.887 202.8868
1.888 202.8770
1.889 202.8672
1.890 202.8574
1.891 202.8476
1.892 202.8378
1.893 202.8279
1.894 202.8181
1.895 202.8083
1.896 202.7984
1.897 202.7886
1.898 202.7788
1.899 202.7689
1.900 202.7591
1.901 202.7492
1.902 202.7393
1.903 202.7295
1.904 202.7196
1.905 202.7097
1.906 202.6998
1.907 202.6899
1.908 202.6800
1.909 202.6701
1.910 202.6602
1.911 202.6503
1.912 202.6403
1.913 202.6304
1.914 202.6205
1.915 202.6105
1.916 202.6006
1.917 202.5907
1.918 202.5807
1.919 202.5707
1.920 202.5608
1.921 202.5508
1.922 202.5408
1.923 202.5308
1.924 202.5208
1.925 202.5109
1.926 202.5009
1.927 202.4908
1.928 202.4808
1.929 202.4708
1.930 202.4608
1.931 202.4508
1.932 202.4407
1.933 202.4307
1.934 202.4206
1.935 202.4106
1.936 202.4005
1.937 202.3905
1.938 202.3804
1.939 202.3703
1.940 202.3603
1.941 202.3502
1.942 202.3401
1.943 202.3300
1.944 202.3199
1.945 202.3098
1.946 202.2997
1.947 202.2895
1.948 202.2794
1.949 202.2693
1.950 202.2591
1.951 202.2490
1.952 202.2389
1.953 202.2287
1.954 202.2185
1.955 202.2084
1.956 202.1982
1.957 202.1880
1.958 202.1778
1.959 202.1677
1.960 202.1575
1.961 202.1473
1.962 202.1371
1.963 202.1268
1.964 202.1166
1.965 202.1064
1.966 202.0962
1.967 202.0859
1.968 202.0757
1.969 202.0654
1.970 202.0552
1.971 202.0449
1.972 202.0347
1.973 202.0244
1.974 202.0141
1.975 202.0038
1.976 201.9936
1.977 201.9833
1.978 201.9730
1.979 201.9627
1.980 201.9523
1.981 201.9420
1.982 201.9317
1.983 201.9214
1.984 201.9110
1.985 201.9007
1.986 201.8903
1.987 201.8800
1.988 201.8696
1.989 201.8593
1.990 201.8489
1.991 201.8385
1.992 201.8281
1.993 201.8177
1.994 201.8073
1.995 201.7969
1.996 201.7865
1.997 201.7761
1.998 201.7657
1.999 201.7553
2.000 201.7448
2.001 201.7344
2.002 201.7239
2.003 201.7135
2.004 201.7030
2.005 201.6926
2.006 201.6821
2.007 201.6716
2.008 201.6611
2.009 201.6507
2.010 201.6402
2.011 201.6297
2.012 201.6192
2.013 201.6086
2.014 201.5981
2.015 201.5876
2.016 201.5771
2.017 201.5665
2.018 201.5560
2.019 201.5454
2.020 201.5349
2.021 201.5243
2.022 201.5137
2.023 201.5032
2.024 201.4926
2.025 201.4820
2.026 201.4714
2.027 201.4608
2.028 201.4502
2.029 201.4396
2.030 201.4290
2.031 201.4183
2.032 201.4077
2.033 201.3971
2.034 201.3864
2.035 201.3758
2.036 201.3651
2.037 201.3544
2.038 201.3438
2.039 201.3331
2.040 201.3224
2.041 201.3117
2.042 201.3010
2.043 201.2903
2.044 201.2796
2.045 201.2689
2.046 201.2582
2.047 201.2475
2.048 201.2367
2.049 201.2260
2.050 201.2152
2.051 201.2045
2.052 201.1937
2.053 201.1830
2.054 201.1722
2.055 201.1614
2.056 201.1506
2.057 201.1398
2.058 201.1290
2.059 201.1182
2.060 201.1074
2.061 201.0966
2.062 201.0858
2.063 201.0749
2.064 201.0641
2.065 201.0532
2.066 201.0424
2.067 201.0315
2.068 201.0207
2.069 201.0098
2.070 200.9989
2.071 200.9880
2.072 200.9771
2.073 200.9662
2.074 200.9553
2.075 200.9444
2.076 200.9335
2.077 200.9226
2.078 200.9117
2.079 200.9007
2.080 200.8898
2.081 200.8788
2.082 200.8679
2.083 200.8569
2.084 200.8459
2.085 200.8349
2.086 200.8240
2.087 200.8130
2.088 200.8020
2.089 200.7910
2.090 200.7799
2.091 200.7689
2.092 200.7579
2.093 200.7469
2.094 200.7358
2.095 200.7248
2.096 200.7137
2.097 200.7027
2.098 200.6916
2.099 200.6805
2.100 200.6694
2.101 200.6584
2.102 200.6473
2.103 200.6362
2.104 200.6251
2.105 200.6139
2.106 200.6028
2.107 200.5917
2.108 200.5806
2.109 200.5694
2.110 200.5583
2.111 200.5471
2.112 200.5359
2.113 200.5248
2.114 200.5136
2.115 200.5024
2.116 200.4912
2.117 200.4800
2.118 200.4688
2.119 200.4576
2.120 200.4464
2.121 200.4351
2.122 200.4239
2.123 200.4127
2.124 200.4014
2.125 200.3902
2.126 200.3789
2.127 200.3676
2.128 200.3564
2.129 200.3451
2.130 200.3338
2.131 200.3225
2.132 200.3112
2.133 200.2999
2.134 200.2885
2.135 200.2772
2.136 200.2659
2.137 200.2545
2.138 200.2432
2.139 200.2318
2.140 200.2205
2.141 200.2091
2.142 200.1977
2.143 200.1863
2.144 200.1749
2.145 200.1635
2.146 200.1521
2.147 200.1407
2.148 200.1293
2.149 200.1179
2.150 200.1064
2.151 200.0950
2.152 200.0835
2.153 200.0721
2.154 200.0606
2.155 200.0491
2.156 200.0377
2.157 200.0262
2.158 200.0147
2.159 200.0032
2.160 199.9917
2.161 199.9802
2.162 199.9686
2.163 199.9571
2.164 199.9456
2.165 199.9340
2.166 199.9225
2.167 199.9109
2.168 199.8993
2.169 199.8878
2.170 199.8762
2.171 199.8646
2.172 199.8530
2.173 199.8414
2.174 199.8298
2.175 199.8181
2.176 199.8065
2.177 199.7949
2.178 199.7832
2.179 199.7716
2.180 199.7599
2.181 199.7482
2.182 199.7366
2.183 199.7249
2.184 199.7132
2.185 199.7015
2.186 199.6898
2.187 199.6781
2.188 199.6664
2.189 199.6546
2.190 199.6429
2.191 199.6311
2.192 199.6194
2.193 199.6076
2.194 199.5959
2.195 199.5841
2.196 199.5723
2.197 199.5605
2.198 199.5487
2.199 199.5369
2.200 199.5251
2.201 199.5133
2.202 199.5014
2.203 199.4896
2.204 199.4778
2.205 199.4659
2.206 199.4540
2.207 199.4422
2.208 199.4303
2.209 199.4184
2.210 199.4065
2.211 199.3946
2.212 199.3827
2.213 199.3708
2.214 199.3589
2.215 199.3469
2.216 199.3350
2.217 199.3231
2.218 199.3111
2.219 199.2991
2.220 199.2872
2.221 199.2752
2.222 199.2632
2.223 199.2512
2.224 199.2392
2.225 199.2272
2.226 199.2152
2.227 199.2031
2.228 199.1911
2.229 199.1790
2.230 199.1670
2.231 199.1549
2.232 199.1429
2.233 199.1308
2.234 199.1187
2.235 199.1066
2.236 199.0945
2.237 199.0824
2.238 199.0703
2.239 199.0581
2.240 199.0460
2.241 199.0339
2.242 199.0217
2.243 199.0095
2.244 198.9974
2.245 198.9852
2.246 198.9730
2.247 198.9608
2.248 198.9486
2.249 198.9364
2.250 198.9242
2.251 198.9120
2.252 198.8997
2.253 198.8875
2.254 198.8752
2.255 198.8630
2.256 198.8507
2.257 198.8384
2.258 198.8261
2.259 198.8139
2.260 198.8015
2.261 198.7892
2.262 198.7769
2.263 198.7646
2.264 198.7523
2.265 198.7399
2.266 198.7276
2.267 198.7152
2.268 198.7028
2.269 198.6904
2.270 198.6781
2.271 198.6657
2.272 198.6533
2.273 198.6408
2.274 198.6284
2.275 198.6160
2.276 198.6035
2.277 198.5911
2.278 198.5786
2.279 198.5662
2.280 198.5537
2.281 198.5412
2.282 198.5287
2.283 198.5162
2.284 198.5037
2.285 198.4912
2.286 198.4787
2.287 198.4661
2.288 198.4536
2.289 198.4410
2.290 198.4285
2.291 198.4159
2.292 198.4033
2.293 198.3907
2.294 198.3781
2.295 198.3655
2.296 198.3529
2.297 198.3403
2.298 198.3277
2.299 198.3150
2.300 198.3024
2.301 198.2897
2.302 198.2770
2.303 198.2644
2.304 198.2517
2.305 198.2390
2.306 198.2263
2.307 198.2136
2.308 198.2008
2.309 198.1881
2.310 198.1754
2.311 198.1626
2.312 198.1499
2.313 198.1371
2.314 198.1243
2.315 198.1115
2.316 198.0987
2.317 198.0859
2.318 198.0731
2.319 198.0603
2.320 198.0475
2.321 198.0346
2.322 198.0218
2.323 198.0089
2.324 197.9960
2.325 197.9832
2.326 197.9703
2.327 197.9574
2.328 197.9445
2.329 197.9315
2.330 197.9186
2.331 197.9057
2.332 197.8927
2.333 197.8798
2.334 197.8668
2.335 197.8539
2.336 197.8409
2.337 197.8279
2.338 197.8149
2.339 197.8019
2.340 197.7888
2.341 197.7758
2.342 197.7628
2.343 197.7497
2.344 197.7367
2.345 197.7236
2.346 197.7105
2.347 197.6974
2.348 197.6844
2.349 197.6712
2.350 197.6581
2.351 197.6450
2.352 197.6319
2.353 197.6187
2.354 197.6056
2.355 197.5924
2.356 197.5792
2.357 197.5661
2.358 197.5529
2.359 197.5397
2.360 197.5264
2.361 197.5132
2.362 197.5000
2.363 197.4868
2.364 197.4735
2.365 197.4602
2.366 197.4470
2.367 197.4337
2.368 197.4204
2.369 197.4071
2.370 197.3938
2.371 197.3805
2.372 197.3671
2.373 197.3538
2.374 197.3405
2.375 197.3271
2.376 197.3137
2.377 197.3003
2.378 197.2870
2.379 197.2736
2.380 197.2601
2.381 197.2467
2.382 197.2333
2.383 197.2199
2.384 197.2064
2.385 197.1929
2.386 197.1795
2.387 197.1660
2.388 197.1525
2.389 197.1390
2.390 197.1255
2.391 197.1120
2.392 197.0984
2.393 197.0849
2.394 197.0713
2.395 197.0578
2.396 197.0442
2.397 197.0306
2.398 197.0170
2.399 197.0034
2.400 196.9898
2.401 196.9762
2.402 196.9626
2.403 196.9489
2.404 196.9352
2.405 196.9216
2.406 196.9079
2.407 196.8942
2.408 196.8805
2.409 196.8668
2.410 196.8531
2.411 196.8394
2.412 196.8256
2.413 196.8119
2.414 196.7981
2.415 196.7843
2.416 196.7706
2.417 196.7568
2.418 196.7430
2.419 196.7292
2.420 196.7153
2.421 196.7015
2.422 196.6876
2.423 196.6738
2.424 196.6599
2.425 196.6460
2.426 196.6322
2.427 196.6183
2.428 196.6043
2.429 196.5904
2.430 196.5765
2.431 196.5626
2.432 196.5486
2.433 196.5346
2.434 196.5207
2.435 196.5067
2.436 196.4927
2.437 196.4787
2.438 196.4646
2.439 196.4506
2.440 196.4366
2.441 196.4225
2.442 196.4085
2.443 196.3944
2.444 196.3803
2.445 196.3662
2.446 196.3521
2.447 196.3380
2.448 196.3238
2.449 196.3097
2.450 196.2956
2.451 196.2814
2.452 196.2672
2.453 196.2530
2.454 196.2388
2.455 196.2246
2.456 196.2104
2.457 196.1962
2.458 196.1819
2.459 196.1677
2.460 196.1534
2.461 196.1391
2.462 196.1248
2.463 196.1105
2.464 196.0962
2.465 196.0819
2.466 196.0676
2.467 196.0532
2.468 196.0389
2.469 196.0245
2.470 196.0101
2.471 195.9957
2.472 195.9813
2.473 195.9669
2.474 195.9525
2.475 195.9381
2.476 195.9236
2.477 195.9091
2.478 195.8947
2.479 195.8802
2.480 195.8657
2.481 195.8512
2.482 195.8367
2.483 195.8221
2.484 195.8076
2.485 195.7930
2.486 195.7785
2.487 195.7639
2.488 195.7493
2.489 195.7347
2.490 195.7201
2.491 195.7055
2.492 195.6908
2.493 195.6762
2.494 195.6615
2.495 195.6468
2.496 195.6321
2.497 195.6175
2.498 195.6027
2.499 195.5880
2.500 195.5733
2.501 195.5585
2.502 195.5438
2.503 195.5290
2.504 195.5142
2.505 195.4994
2.506 195.4846
2.507 195.4698
2.508 195.4550
2.509 195.4401
2.510 195.4253
2.511 195.4104
2.512 195.3955
2.513 195.3806
2.514 195.3657
2.515 195.3508
2.516 195.3359
2.517 195.3209
2.518 195.3060
2.519 195.2910
2.520 195.2760
2.521 195.2610
2.522 195.2460
2.523 195.2310
2.524 195.2160
2.525 195.2009
2.526 195.1859
2.527 195.1708
2.528 195.1557
2.529 195.1406
2.530 195.1255
2.531 195.1104
2.532 195.0953
2.533 195.0801
2.534 195.0650
2.535 195.0498
2.536 195.0346
2.537 195.0194
2.538 195.0042
2.539 194.9890
2.540 194.9737
2.541 194.9585
2.542 194.9432
2.543 194.9280
2.544 194.9127
2.545 194.8974
2.546 194.8821
2.547 194.8667
2.548 194.8514
2.549 194.8360
2.550 194.8207
2.551 194.8053
2.552 194.7899
2.553 194.7745
2.554 194.7591
2.555 194.7437
2.556 194.7282
2.557 194.7127
2.558 194.6973
2.559 194.6818
2.560 194.6663
2.561 194.6508
2.562 194.6353
2.563 194.6197
2.564 194.6042
2.565 194.5886
2.566 194.5730
2.567 194.5574
2.568 194.5418
2.569 194.5262
2.570 194.5106
2.571 194.4949
2.572 194.4793
2.573 194.4636
2.574 194.4479
2.575 194.4322
2.576 194.4165
2.577 194.4007
2.578 194.3850
2.579 194.3692
2.580 194.3535
2.581 194.3377
2.582 194.3219
2.583 194.3061
2.584 194.2903
2.585 194.2744
2.586 194.2586
2.587 194.2427
2.588 194.2268
2.589 194.2109
2.590 194.1950
2.591 194.1791
2.592 194.1631
2.593 194.1472
2.594 194.1312
2.595 194.1152
2.596 194.0992
2.597 194.0832
2.598 194.0672
2.599 194.0512
2.600 194.0351
2.601 194.0190
2.602 194.0030
2.603 193.9869
2.604 193.9708
2.605 193.9546
2.606 193.9385
2.607 193.9223
2.608 193.9062
2.609 193.8900
2.610 193.8738
2.611 193.8576
2.612 193.8413
2.613 193.8251
2.614 193.8088
2.615 193.7926
2.616 193.7763
2.617 193.7600
2.618 193.7437
2.619 193.7273
2.620 193.7110
2.621 193.6946
2.622 193.6783
2.623 193.6619
2.624 193.6455
2.625 193.6291
2.626 193.6126
2.627 193.5962
2.628 193.5797
2.629 193.5632
2.630 193.5467
2.631 193.5265
2.632 193.5100
2.633 193.4934
2.634 193.4768
2.635 193.4602
2.636 193.4436
2.637 193.4270
2.638 193.4104
2.639 193.3937
2.640 193.3770
2.641 193.3604
2.642 193.3437
2.643 193.3269
2.644 193.3102
2.645 193.2935
2.646 193.2767
2.647 193.2599
2.648 193.2431
2.649 193.2263
2.650 193.2095
2.651 193.1926
2.652 193.1758
2.653 193.1589
2.654 193.1420
2.655 193.1251
2.656 193.1082
2.657 193.0912
2.658 193.0743
2.659 193.0573
2.660 193.0403
2.661 193.0233
2.662 193.0063
2.663 192.9893
2.664 192.9722
2.665 192.9551
2.666 192.9381
2.667 192.9210
2.668 192.9038
2.669 192.8867
2.670 192.8696
2.671 192.8524
2.672 192.8352
2.673 192.8180
2.674 192.8008
2.675 192.7836
2.676 192.7663
2.677 192.7490
2.678 192.7318
2.679 192.7145
2.680 192.6971
2.681 192.6798
2.682 192.6625
2.683 192.6451
2.684 192.6277
2.685 192.6103
2.686 192.5929
2.687 192.5754
2.688 192.5580
2.689 192.5405
2.690 192.5230
2.691 192.5055
2.692 192.4880
2.693 192.4705
2.694 192.4529
2.695 192.4353
2.696 192.4178
2.697 192.4002
2.698 192.3825
2.699 192.3649
2.700 192.3472
2.701 192.3296
2.702 192.3119
2.703 192.2941
2.704 192.2764
2.705 192.2587
2.706 192.2409
2.707 192.2231
2.708 192.2053
2.709 192.1875
2.710 192.1697
2.711 192.1518
2.712 192.1339
2.713 192.1161
2.714 192.0982
2.715 192.0802
2.716 192.0623
2.717 192.0443
2.718 192.0263
2.719 192.0083
2.720 191.9903
2.721 191.9723
2.722 191.9542
2.723 191.9362
2.724 191.9181
2.725 191.9000
2.726 191.8819
2.727 191.8637
2.728 191.8456
2.729 191.8274
2.730 191.8092
2.731 191.7910
2.732 191.7727
2.733 191.7545
2.734 191.7362
2.735 191.7179
2.736 191.6996
2.737 191.6813
2.738 191.6629
2.739 191.6446
2.740 191.6262
2.741 191.6078
2.742 191.5893
2.743 191.5709
2.744 191.5524
2.745 191.5340
2.746 191.5155
2.747 191.4969
2.748 191.4784
2.749 191.4598
2.750 191.4413
2.751 191.4227
2.752 191.4041
2.753 191.3854
2.754 191.3668
2.755 191.3481
2.756 191.3294
2.757 191.3107
2.758 191.2920
2.759 191.2732
2.760 191.2544
2.761 191.2356
2.762 191.2168
2.763 191.1980
2.764 191.1791
2.765 191.1603
2.766 191.1414
2.767 191.1225
2.768 191.1035
2.769 191.0846
2.770 191.0656
2.771 191.0466
2.772 191.0276
2.773 191.0086
2.774 190.9895
2.775 190.9705
2.776 190.9514
2.777 190.9323
2.778 190.9131
2.779 190.8940
2.780 190.8748
2.781 190.8556
2.782 190.8364
2.783 190.8171
2.784 190.7979
2.785 190.7786
2.786 190.7593
2.787 190.7400
2.788 190.7207
2.789 190.7013
2.790 190.6819
2.791 190.6625
2.792 190.6431
2.793 190.6236
2.794 190.6042
2.795 190.5847
2.796 190.5652
2.797 190.5456
2.798 190.5261
2.799 190.5065
2.800 190.4869
2.801 190.4673
2.802 190.4477
2.803 190.4280
2.804 190.4083
2.805 190.3886
2.806 190.3689
2.807 190.3492
2.808 190.3294
2.809 190.3096
2.810 190.2898
2.811 190.2700
2.812 190.2501
2.813 190.2302
2.814 190.2103
2.815 190.1904
2.816 190.1705
2.817 190.1505
2.818 190.1305
2.819 190.1105
2.820 190.0905
2.821 190.0704
2.822 190.0503
2.823 190.0302
2.824 190.0101
2.825 189.9900
2.826 189.9698
2.827 189.9496
2.828 189.9294
2.829 189.9091
2.830 189.8889
2.831 189.8686
2.832 189.8483
2.833 189.8280
2.834 189.8076
2.835 189.7872
2.836 189.7668
2.837 189.7464
2.838 189.7260
2.839 189.7055
2.840 189.6850
2.841 189.6645
2.842 189.6440
2.843 189.6234
2.844 189.6028
2.845 189.5822
2.846 189.5616
2.847 189.5409
2.848 189.5202
2.849 189.4995
2.850 189.4788
2.851 189.4580
2.852 189.4373
2.853 189.4165
2.854 189.3956
2.855 189.3748
2.856 189.3539
2.857 189.3330
2.858 189.3121
2.859 189.2911
2.860 189.2702
2.861 189.2492
2.862 189.2281
2.863 189.2071
2.864 189.1860
2.865 189.1649
2.866 189.1438
2.867 189.1227
2.868 189.1015
2.869 189.0803
2.870 189.0591
2.871 189.0378
2.872 189.0165
2.873 188.9953
2.874 188.9739
2.875 188.9526
2.876 188.9312
2.877 188.9098
2.878 188.8884
2.879 188.8669
2.880 188.8455
2.881 188.8240
2.882 188.8024
2.883 188.7809
2.884 188.7593
2.885 188.7377
2.886 188.7161
2.887 188.6944
2.888 188.6727
2.889 188.6510
2.890 188.6293
2.891 188.6075
2.892 188.5857
2.893 188.5639
2.894 188.5421
2.895 188.5202
2.896 188.4983
2.897 188.4764
2.898 188.4544
2.899 188.4324
2.900 188.4104
2.901 188.3884
2.902 188.3663
2.903 188.3443
2.904 188.3221
2.905 188.3000
2.906 188.2778
2.907 188.2556
2.908 188.2334
2.909 188.2112
2.910 188.1889
2.911 188.1666
2.912 188.1442
2.913 188.1219
2.914 188.0995
2.915 188.0771
2.916 188.0546
2.917 188.0322
2.918 188.0097
2.919 187.9871
2.920 187.9646
2.921 187.9420
2.922 187.9194
2.923 187.8967
2.924 187.8740
2.925 187.8513
2.926 187.8286
2.927 187.8059
2.928 187.7831
2.929 187.7602
2.930 187.7374
2.931 187.7145
2.932 187.6916
2.933 187.6687
2.934 187.6457
2.935 187.6227
2.936 187.5997
2.937 187.5767
2.938 187.5536
2.939 187.5305
2.940 187.5073
2.941 187.4841
2.942 187.4609
2.943 187.4377
2.944 187.4144
2.945 187.3912
2.946 187.3678
2.947 187.3445
2.948 187.3211
2.949 187.2977
2.950 187.2742
2.951 187.2508
2.952 187.2273
2.953 187.2037
2.954 187.1801
2.955 187.1565
2.956 187.1329
2.957 187.1093
2.958 187.0856
2.959 187.0618
2.960 187.0381
2.961 187.0143
2.962 186.9905
2.963 186.9666
2.964 186.9427
2.965 186.9188
2.966 186.8949
2.967 186.8709
2.968 186.8469
2.969 186.8228
2.970 186.7988
2.971 186.7747
2.972 186.7505
2.973 186.7263
2.974 186.7021
2.975 186.6779
2.976 186.6536
2.977 186.6293
2.978 186.6050
2.979 186.5806
2.980 186.5562
2.981 186.5318
2.982 186.5073
2.983 186.4828
2.984 186.4583
2.985 186.4337
2.986 186.4091
2.987 186.3845
2.988 186.3598
2.989 186.3351
2.990 186.3103
2.991 186.2856
2.992 186.2608
2.993 186.2359
2.994 186.2110
2.995 186.1861
2.996 186.1612
2.997 186.1362
2.998 186.1112
2.999 186.0861
3.000 186.0610
3.001 186.0359
3.002 186.0108
3.003 185.9856
3.004 185.9603
3.005 185.9351
3.006 185.9098
3.007 185.8844
3.008 185.8591
3.009 185.8337
3.010 185.8082
3.011 185.7827
3.012 185.7572
3.013 185.7317
3.014 185.7061
3.015 185.6805
3.016 185.6548
3.017 185.6291
3.018 185.6034
3.019 185.5776
3.020 185.5518
3.021 185.5259
3.022 185.5000
3.023 185.4741
3.024 185.4482
3.025 185.4222
3.026 185.3961
3.027 185.3701
3.028 185.3440
3.029 185.3178
3.030 185.2916
3.031 185.2654
3.032 185.2391
3.033 185.2128
3.034 185.1865
3.035 185.1601
3.036 185.1337
3.037 185.1072
3.038 185.0807
3.039 185.0542
3.040 185.0276
3.041 185.0010
3.042 184.9744
3.043 184.9477
3.044 184.9209
3.045 184.8942
3.046 184.8673
3.047 184.8405
3.048 184.8136
3.049 184.7867
3.050 184.7597
3.051 184.7327
3.052 184.7056
3.053 184.6785
3.054 184.6514
3.055 184.6242
3.056 184.5970
3.057 184.5697
3.058 184.5424
3.059 184.5151
3.060 184.4877
3.061 184.4603
3.062 184.4328
3.063 184.4053
3.064 184.3777
3.065 184.3501
3.066 184.3225
3.067 184.2948
3.068 184.2671
3.069 184.2393
3.070 184.2115
3.071 184.1836
3.072 184.1557
3.073 184.1278
3.074 184.0998
3.075 184.0718
3.076 184.0437
3.077 184.0156
3.078 183.9874
3.079 183.9592
3.080 183.9310
3.081 183.9027
3.082 183.8744
3.083 183.8460
3.084 183.8175
3.085 183.7891
3.086 183.7606
3.087 183.7320
3.088 183.7034
3.089 183.6747
3.090 183.6460
3.091 183.6173
3.092 183.5885
3.093 183.5596
3.094 183.5308
3.095 183.5018
3.096 183.4728
3.097 183.4438
3.098 183.4147
3.099 183.3856
3.100 183.3565
3.101 183.3272
3.102 183.2980
3.103 183.2687
3.104 183.2393
3.105 183.2099
3.106 183.1805
3.107 183.1509
3.108 183.1214
3.109 183.0918
3.110 183.0621
3.111 183.0324
3.112 183.0027
3.113 182.9729
3.114 182.9431
3.115 182.9132
3.116 182.8832
3.117 182.8532
3.118 182.8232
3.119 182.7931
3.120 182.7629
3.121 182.7327
3.122 182.7025
3.123 182.6722
3.124 182.6418
3.125 182.6114
3.126 182.5810
3.127 182.5505
3.128 182.5199
3.129 182.4893
3.130 182.4586
3.131 182.4279
3.132 182.3972
3.133 182.3663
3.134 182.3355
3.135 182.3045
3.136 182.2736
3.137 182.2425
3.138 182.2114
3.139 182.1803
3.140 182.1491
3.141 182.1179
3.142 182.0866
3.143 182.0552
3.144 182.0238
3.145 181.9923
3.146 181.9608
3.147 181.9292
3.148 181.8976
3.149 181.8659
3.150 181.8341
3.151 181.8023
3.152 181.7705
3.153 181.7386
3.154 181.7066
3.155 181.6746
3.156 181.6425
3.157 181.6103
3.158 181.5781
3.159 181.5459
3.160 181.5136
3.161 181.4812
3.162 181.4487
3.163 181.4163
3.164 181.3837
3.165 181.3511
3.166 181.3184
3.167 181.2857
3.168 181.2529
3.169 181.2201
3.170 181.1872
3.171 181.1542
3.172 181.1212
3.173 181.0881
3.174 181.0549
3.175 181.0217
3.176 180.9884
3.177 180.9551
3.178 180.9217
3.179 180.8882
3.180 180.8547
3.181 180.8211
3.182 180.7875
3.183 180.7538
3.184 180.7200
3.185 180.6862
3.186 180.6523
3.187 180.6183
3.188 180.5843
3.189 180.5502
3.190 180.5160
3.191 180.4818
3.192 180.4475
3.193 180.4131
3.194 180.3787
3.195 180.3442
3.196 180.3097
3.197 180.2751
3.198 180.2404
3.199 180.2056
3.200 180.1708
3.201 180.1359
3.202 180.1010
3.203 180.0659
3.204 180.0309
3.205 179.9957
3.206 179.9605
3.207 179.9252
3.208 179.8898
3.209 179.8544
3.210 179.8189
3.211 179.7833
3.212 179.7476
3.213 179.7119
3.214 179.6761
3.215 179.6403
3.216 179.6043
3.217 179.5683
3.218 179.5323
3.219 179.4961
3.220 179.4599
3.221 179.4236
3.222 179.3872
3.223 179.3508
3.224 179.3143
3.225 179.2777
3.226 179.2410
3.227 179.2043
3.228 179.1675
3.229 179.1306
3.230 179.0936
3.231 179.0566
3.232 179.0195
3.233 178.9823
3.234 178.9450
3.235 178.9077
3.236 178.8702
3.237 178.8327
3.238 178.7951
3.239 178.7575
3.240 178.7198
3.241 178.6819
3.242 178.6440
3.243 178.6061
3.244 178.5680
3.245 178.5299
3.246 178.4917
3.247 178.4534
3.248 178.4150
3.249 178.3765
3.250 178.3380
3.251 178.2993
3.252 178.2606
3.253 178.2218
3.254 178.1830
3.255 178.1440
3.256 178.1050
3.257 178.0658
3.258 178.0266
3.259 177.9873
3.260 177.9479
3.261 177.9085
3.262 177.8689
3.263 177.8293
3.264 177.7895
3.265 177.7497
3.266 177.7098
3.267 177.6698
3.268 177.6297
3.269 177.5895
3.270 177.5493
3.271 177.5089
3.272 177.4685
3.273 177.4279
3.274 177.3873
3.275 177.3466
3.276 177.3058
3.277 177.2649
3.278 177.2239
3.279 177.1828
3.280 177.1416
3.281 177.1004
3.282 177.0590
3.283 177.0175
3.284 176.9760
3.285 176.9343
3.286 176.8926
3.287 176.8507
3.288 176.8088
3.289 176.7667
3.290 176.7246
3.291 176.6823
3.292 176.6400
3.293 176.5976
3.294 176.5550
3.295 176.5124
3.296 176.4696
3.297 176.4268
3.298 176.3839
3.299 176.3408
3.300 176.2977
3.301 176.2544
3.302 176.2111
3.303 176.1676
3.304 176.1241
3.305 176.0804
3.306 176.0366
3.307 175.9927
3.308 175.9488
3.309 175.9047
3.310 175.8605
3.311 175.8162
3.312 175.7717
3.313 175.7272
3.314 175.6826
3.315 175.6378
3.316 175.5930
3.317 175.5443
3.318 175.4992
3.319 175.4539
3.320 175.4086
3.321 175.3631
3.322 175.3175
3.323 175.2718
3.324 175.2260
3.325 175.1800
3.326 175.1340
3.327 175.0878
3.328 175.0415
3.329 174.9951
3.330 174.9486
3.331 174.9019
3.332 174.8551
3.333 174.8082
3.334 174.7612
3.335 174.7141
3.336 174.6668
3.337 174.6194
3.338 174.5719
3.339 174.5242
3.340 174.4765
3.341 174.4286
3.342 174.3806
3.343 174.3324
3.344 174.2841
3.345 174.2357
3.346 174.1872
3.347 174.1385
3.348 174.0897
3.349 174.0408
3.350 173.9917
3.351 173.9425
3.352 173.8932
3.353 173.8437
3.354 173.7941
3.355 173.7444
3.356 173.6945
3.357 173.6445
3.358 173.5943
3.359 173.5440
3.360 173.4936
3.361 173.4430
3.362 173.3923
3.363 173.3414
3.364 173.2904
3.365 173.2393
3.366 173.1880
3.367 173.1365
3.368 173.0850
3.369 173.0332
3.370 172.9813
3.371 172.9293
3.372 172.8771
3.373 172.8248
3.374 172.7723
3.375 172.7197
3.376 172.6669
3.377 172.6139
3.378 172.5608
3.379 172.5075
3.380 172.4541
3.381 172.4005
3.382 172.3468
3.383 172.2929
3.384 172.2389
3.385 172.1846
3.386 172.1303
3.387 172.0757
3.388 172.0210
3.389 171.9661
3.390 171.9111
3.391 171.8559
3.392 171.8005
3.393 171.7449
3.394 171.6892
3.395 171.6333
3.396 171.5772
3.397 171.5210
3.398 171.4646
3.399 171.4080
3.400 171.3512
3.401 171.2942
3.402 171.2371
3.403 171.1798
3.404 171.1223
3.405 171.0646
3.406 171.0068
3.407 170.9487
3.408 170.8905
3.409 170.8321
3.410 170.7735
3.411 170.7147
3.412 170.6557
3.413 170.5965
3.414 170.5371
3.415 170.4775
3.416 170.4177
3.417 170.3578
3.418 170.2976
3.419 170.2372
3.420 170.1767
3.421 170.1159
3.422 170.0549
3.423 169.9937
3.424 169.9323
3.425 169.8707
3.426 169.8089
3.427 169.7469
3.428 169.6847
3.429 169.6222
3.430 169.5595
3.431 169.4967
3.432 169.4336
3.433 169.3702
3.434 169.3067
3.435 169.2429
3.436 169.1789
3.437 169.1147
3.438 169.0503
3.439 168.9856
3.440 168.9207
3.441 168.8555
3.442 168.7902
3.443 168.7245
3.444 168.6587
3.445 168.5926
3.446 168.5263
3.447 168.4597
3.448 168.3929
3.449 168.3258
3.450 168.2585
3.451 168.1909
3.452 168.1231
3.453 168.0550
3.454 167.9867
3.455 167.9181
3.456 167.8493
3.457 167.7801
3.458 167.7108
3.459 167.6411
3.460 167.5712
3.461 167.5010
3.462 167.4306
3.463 167.3599
3.464 167.2889
3.465 167.2176
3.466 167.1460
3.467 167.0742
3.468 167.0021
3.469 166.9296
3.470 166.8569
3.471 166.7839
3.472 166.7107
3.473 166.6371
3.474 166.5632
3.475 166.4890
3.476 166.4145
3.477 166.3397
3.478 166.2646
3.479 166.1892
3.480 166.1135
3.481 166.0374
3.482 165.9611
3.483 165.8844
3.484 165.8074
3.485 165.7300
3.486 165.6524
3.487 165.5744
3.488 165.4960
3.489 165.4174
3.490 165.3383
3.491 165.2590
3.492 165.1793
3.493 165.0992
3.494 165.0188
3.495 164.9381
3.496 164.8569
3.497 164.7754
3.498 164.6936
3.499 164.6114
3.500 164.5288
3.501 164.4458
3.502 164.3625
3.503 164.2787
3.504 164.1946
3.505 164.1101
3.506 164.0252
3.507 163.9399
3.508 163.8543
3.509 163.7682
3.510 163.6817
3.511 163.5947
3.512 163.5074
3.513 163.4197
3.514 163.3315
3.515 163.2429
3.516 163.1539
3.517 163.0644
3.518 162.9745
3.519 162.8842
3.520 162.7934
3.521 162.7021
3.522 162.6104
3.523 162.5182
3.524 162.4256
3.525 162.3325
3.526 162.2389
3.527 162.1449
3.528 162.0503
3.529 161.9553
3.530 161.8598
3.531 161.7637
3.532 161.6672
3.533 161.5702
3.534 161.4726
3.535 161.3745
3.536 161.2759
3.537 161.1768
3.538 161.0771
3.539 160.9769
3.540 160.8761
3.541 160.7748
3.542 160.6729
3.543 160.5704
3.544 160.4674
3.545 160.3638
3.546 160.2596
3.547 160.1548
3.548 160.0494
3.549 159.9434
3.550 159.8368
3.551 159.7296
3.552 159.6217
3.553 159.5132
3.554 159.4041
3.555 159.2943
3.556 159.1839
3.557 159.0728
3.558 158.9610
3.559 158.8486
3.560 158.7354
3.561 158.6216
3.562 158.5071
3.563 158.3918
3.564 158.2758
3.565 158.1591
3.566 158.0417
3.567 157.9235
3.568 157.8045
3.569 157.6848
3.570 157.5643
3.571 157.4430
3.572 157.3174
3.573 157.1943
3.574 157.0705
3.575 156.9458
3.576 156.8202
3.577 156.6938
3.578 156.5665
3.579 156.4384
3.580 156.3093
3.581 156.1793
3.582 156.0485
3.583 155.9166
3.584 155.7839
3.585 155.6502
3.586 155.5155
3.587 155.3798
3.588 155.2432
3.589 155.1055
3.590 154.9668
3.591 154.8270
3.592 154.6862
3.593 154.5443
3.594 154.4013
3.595 154.2573
3.596 154.1121
3.597 153.9657
3.598 153.8182
3.599 153.6695
3.600 153.5196
3.601 153.3685
3.602 153.2162
3.603 153.0626
3.604 152.9077
3.605 152.7516
3.606 152.5941
3.607 152.4353
3.608 152.2751
3.609 152.1136
3.610 151.9506
3.611 151.7862
3.612 151.6204
3.613 151.4530
3.614 151.2842
3.615 151.1138
3.616 150.9419
3.617 150.7684
3.618 150.5933
3.619 150.4165
3.620 150.2380
3.621 150.0578
3.622 149.8759
3.623 149.6923
3.624 149.5068
3.625 149.3194
3.626 149.1302
3.627 148.9391
3.628 148.7460
3.629 148.5510
3.630 148.3539
3.631 148.1547
3.632 147.9534
3.633 147.7500
3.634 147.5443
3.635 147.3364
3.636 147.1262
3.637 146.9136
3.638 146.6987
3.639 146.4813
3.640 146.2614
3.641 146.0389
3.642 145.8138
3.643 145.5860
3.644 145.3555
3.645 145.1222
3.646 144.8860
3.647 144.6469
3.648 144.4047
3.649 144.1595
3.650 143.9111
3.651 143.6594
3.652 143.4044
3.653 143.1461
3.654 142.8842
3.655 142.6187
3.656 142.3496
3.657 142.0766
3.658 141.7998
3.659 141.5190
3.660 141.2341
3.661 140.9450
3.662 140.6516
3.663 140.3537
3.664 140.0512
3.665 139.7440
3.666 139.4319
3.667 139.1149
3.668 138.7926
3.669 138.4651
3.670 138.1287
3.671 137.7896
3.672 137.4446
3.673 137.0936
3.674 136.7363
3.675 136.3724
3.676 136.0019
3.677 135.6244
3.678 135.2396
3.679 134.8474
3.680 134.4475
3.681 134.0395
3.682 133.6232
3.683 133.1982
3.684 132.7642
3.685 132.3209
3.686 131.8678
3.687 131.4046
3.688 130.9309
3.689 130.4461
3.690 129.9498
3.691 129.4416
3.692 128.9208
3.693 128.3869
3.694 127.8393
3.695 127.2774
3.696 126.7005
3.697 126.1078
3.698 125.4985
3.699 124.8719
3.700 124.2270
3.701 123.5629
3.702 122.8786
3.703 122.1729
3.704 121.4447
3.705 120.6928
3.706 119.9158
3.707 119.1123
3.708 118.2807
3.709 117.4194
3.710 116.5266
3.711 115.5978
3.712 114.6355
3.713 113.6355
3.714 112.5954
3.715 111.5127
3.716 110.3848
3.717 109.2087
3.718 107.9816
3.719 106.7002
3.720 105.3613
3.721 103.9616
3.722 102.4976
3.723 100.9657
3.724 99.3625
3.725 97.6845
3.726 95.9287
3.727 94.0921
3.728 92.1721
3.729 90.1667
3.730 88.0746
3.731 85.8951
3.732 83.6284
3.733 81.2756
3.734 78.8387
3.735 76.3207
3.736 73.7252
3.737 71.0567
3.738 68.3201
3.739 65.5208
3.740 62.6643
3.741 59.7564
3.742 56.8024
3.743 53.8078
3.744 50.7773
3.745 47.7157
3.746 44.6271
3.747 41.5152
3.748 38.3833
3.749 35.2345
3.750 32.0712
3.751 28.8956
3.752 25.7096
3.753 22.5148
3.754 19.3128
3.755 16.1045
3.756 12.8910
3.757 9.6731
3.758 6.4516
3.759 3.2271
3.760 0.0000
3.761 -3.2292
3.762 -6.4603
3.763 -9.6928
3.764 -12.9265
3.765 -16.1613
3.766 -18.0000
3.767 -18.0000
3.768 -18.0000
3.769 -18.0000
3.770 -18.0000
3.771 -18.0000
3.772 -18.0000
3.773 -18.0000
3.774 -18.0000
3.775 -18.0000
3.776 -18.0000
3.777 -18.0000
3.778 -18.0000
3.779 -18.0000
3.780 -18.0000
3.781 -18.0000
3.782 -18.0000
3.783 -18.0000
3.784 -18.0000
3.785 -18.0000
3.786 -18.0000
3.787 -18.0000
3.788 -18.0000
3.789 -18.0000
3.790 -18.0000
3.791 -18.0000
3.792 -18.0000
3.793 -18.0000
3.794 -18.0000
3.795 -18.0000
3.796 -18.0000
3.797 -18.0000
3.798 -18.0000
3.799 -18.0000
3.800 -18.0000
3.801 -18.0000
3.802 -18.0000
3.803 -18.0000
3.804 -18.0000
3.805 -18.0000
3.806 -18.0000
3.807 -18.0000
3.808 -18.0000
3.809 -18.0000
3.810 -18.0000
                                                                                                                                                                                                                                                                                                                                                                                                                                                                                                                                                                                                                                                                                                                                                                                                                                                                                                                                                                                                                                                                                                                                                                                                                                                                                                                                                                                                                                                                                                                                                                                                                                                                                                                                                                                                                                                                                                                                                                                                                                                                                                                                                                                                                                                                                                                                                                                                                                                                                                                                                                                                                                                                                                                                                                                                                                                                                                                                                                                                                                                                                                                                                                                                                                                                                                                                                                                                                                                                                                                                                                                                                                                                                                                                                                                                                                                                                                                                                                                                                                                                                                                                                                                                                                                                                                                                                                                                                                                                                                                                                                                                                                                                                                                                                                                                                                                                                                                                                                                                                                                                                                                                                                                                                                                                                                                                                                                                                                                                                                                                                                                                                                                                                                                                                                                                                                                                                                                                                                                                                                                                                                                                                                                                                                                                                                                                                                                                                                                                                                                                                                                                                                                                                                                                                                                                                                                                                                                                                                                                                                                                                                                                                                                                                                                                                                                                                                                                                                                                                                                                                                                                                                                                                                                                                                                                                                                                                                                                                                                                                                                                                                                                                                                                                                                                                                                                                                                                                                                                                                                                                                                                                                                                                                                                                                                                                                                                                                                                                                                                                                                                                                                                                                                                                                                                                                                                                                                                                                                                                                                                                                                                                                                                                                                                                                                                                                                                                                                                                                                                                                                                                                                                                                                                                                                                                                                                                                                                                                                                                                                                                                                                                                                                                                                                                                                                                                                                                                                                                                                                                                                                                                                                                                                                                                                                                                                                                                                                                                                                                                                                                                                                                                                                                                                                                                                                                                                                                                                                                                                                                                                                                                                                                                                                                                                                                                                                                                                                                                                                                                                                                                                                                                                                                                                                                                                                                                                                                                                                                                                                                                                                                                                                                                                                                                                                                                                                                                                                                                                                                                                                                                                                                                                                                                                                                                                                                                                                                                                                                                                                                                                                                                                                                                                                                                                                                                                                                                                                                                                                                                                                                                                                                                                                                                                                                                                                                                                                                                                                                                                                                                                                                                                                4.719 -18.0000
4.720 -18.0000
4.721 -18.0000
4.722 -18.0000
4.723 -18.0000
4.724 -18.0000
4.725 -18.0000
4.726 -18.0000
4.727 -18.0000
4.728 -18.0000
4.729 -18.0000
4.730 -18.0000
4.731 -18.0000
4.732 -18.0000
4.733 -18.0000
4.734 -18.0000
4.735 -18.0000
4.736 -18.0000
4.737 -18.0000
4.738 -18.0000
4.739 -18.0000
4.740 -18.0000
4.741 -18.0000
4.742 -18.0000
4.743 -18.0000
4.744 -18.0000
4.745 -18.0000
4.746 -18.0000
4.747 -18.0000
4.748 -18.0000
4.749 -18.0000
4.750 -18.0000
                                  4.753 -18.0000
4.754 -18.0000
4.755 -18.0000
4.756 -18.0000
4.757 -18.0000
4.758 -18.0000
4.759 -18.0000
4.760 -18.0000
4.761 -18.0000
4.762 -18.0000
4.763 -18.0000
4.764 -18.0000
4.765 -18.0000
4.766 -18.0000
4.767 -18.0000
4.768 -18.0000
4.769 -18.0000
4.770 -18.0000
4.771 -18.0000
4.772 -18.0000
4.773 -18.0000
4.774 -18.0000
4.775 -18.0000
4.776 -18.0000
4.777 -18.0000
4.778 -18.0000
4.779 -18.0000
4.780 -18.0000
4.781 -18.0000
4.782 -18.0000
4.783 -18.0000
4.784 -18.0000
